0
0
-1
0
0
0
0
-1
0
0
0
0
0
0
0
0
0
0
0
0
0
0
-1
0
0
0
0
0
0
0
0
0
1
0
-1
0
0
0
0
0
0
0
0
0
0
0
0
0
0
0
0
0
0
0
-1
0
0
0
0
0
0
0
0
0
0
0
0
0
1
0
0
0
0
0
0
0
1
0
0
0
1
1
0
0
0
-1
1
1
0
0
0
0
0
0
0
1
0
0
0
1
0
0
0
0
0
-1
0
0
0
0
0
0
0
0
0
0
-1
-1
-1
0
0
0
0
-1
0
0
0
0
0
0
0
0
0
1
0
1
0
0
0
0
0
0
1
-1
0
1
-1
0
0
0
0
0
0
0
-1
0
0
0
-1
0
-1
0
0
0
0
0
-1
0
0
0
0
0
0
-1
0
0
0
0
0
0
0
0
-1
-1
0
0
0
0
0
1
0
0
0
0
0
-1
0
0
0
0
0
0
0
0
0
1
0
1
0
0
1
-1
1
0
0
0
-1
-1
0
0
0
-1
0
-1
0
0
0
-1
0
0
0
0
1
0
0
0
0
0
0
1
0
1
0
0
0
0
0
0
1
0
0
0
1
1
0
0
0
0
0
0
0
0
-1
1
0
0
0
0
0
0
0
1
-1
0
-1
0
-1
-1
-2
-2
-2
-2
-2
-3
-4
-4
-4
-4
-5
-5
-6
-7
-7
-7
-8
-9
-8
-10
-10
-11
-12
-13
-13
-13
-13
-13
-15
-15
-15
-17
-16
-17
-18
-19
-20
-19
-22
-22
-23
-24
-25
-25
-27
-28
-28
-30
-31
-33
-34
-35
-37
-38
-39
-40
-41
-42
-44
-45
-46
-48
-48
-49
-50
-50
-51
-52
-53
-53
-52
-52
-52
-52
-50
-50
-51
-51
-51
-50
-51
-50
-50
-51
-50
-50
-49
-49
-47
-47
-46
-45
-45
-45
-45
-45
-46
-46
-47
-48
-49
-50
-51
-51
-50
-51
-50
-50
-49
-48
-47
-46
-44
-42
-41
-39
-36
-35
-32
-30
-28
-23
-22
-19
-17
-14
-11
-9
-8
-6
-5
-5
-4
-3
-3
-2
-3
-3
-4
-6
-9
-12
-15
-18
-22
-23
-25
-27
-28
-28
-27
-27
-24
-21
-18
-13
-11
-8
-6
-5
-7
-6
-8
-7
-7
-6
-4
-4
-3
-3
-3
-3
-4
-4
-5
-8
-14
-18
-25
-34
-41
-49
-56
-62
-65
-70
-74
-79
-85
-90
-93
-96
-98
-100
-99
-101
-100
-102
-104
-106
-106
-106
-106
-106
-106
-109
-110
-113
-115
-116
-116
-114
-112
-110
-108
-108
-109
-110
-113
-120
-126
-135
-143
-152
-162
-174
-183
-193
-202
-208
-211
-213
-211
-209
-206
-201
-196
-193
-190
-188
-184
-182
-177
-175
-170
-167
-163
-161
-155
-152
-144
-141
-126
-133
-105
-149
-174
-233
-417
-358
-943
-708
-1614
-1535
-2030
-3381
7211
13485
9883
9594
8109
7051
6431
5426
4985
4258
3803
3314
2899
2520
2131
1757
1436
1103
789
492
203
-59
-313
-537
-738
-941
-1148
-1339
-1491
-1640
-1783
-1901
-2008
-2086
-2183
-2285
-2364
-2443
-2488
-2552
-2624
-2653
-2674
-2680
-2647
-2611
-2578
-2516
-2464
-2418
-2347
-2270
-2211
-2121
-2040
-1993
-1916
-1830
-1774
-1720
-1650
-1588
-1487
-1401
-1323
-1217
-1131
-1022
-913
-830
-723
-599
-495
-390
-280
-203
-125
-53
10
62
128
197
254
340
394
447
537
579
638
742
808
883
973
1029
1100
1173
1225
1291
1344
1373
1393
1376
1386
1390
1354
1373
1403
1404
1411
1431
1438
1439
1451
1458
1463
1473
1467
1437
1444
1465
1453
1448
1443
1436
1425
1393
1350
1311
1274
1244
1224
1199
1179
1176
1184
1182
1148
1112
1061
1005
963
911
857
814
774
749
717
658
614
544
459
436
387
362
344
308
314
272
284
305
282
283
244
230
180
80
52
-3
-50
-78
-160
-198
-192
-229
-279
-314
-334
-344
-383
-431
-460
-448
-416
-439
-448
-459
-491
-505
-571
-634
-639
-634
-619
-587
-543
-493
-467
-481
-458
-425
-466
-503
-536
-514
-483
-514
-497
-527
-558
-557
-589
-561
-560
-561
-507
-518
-529
-499
-469
-433
-447
-441
-408
-400
-365
-372
-379
-364
-372
-343
-352
-352
-363
-396
-368
-383
-382
-342
-323
-273
-265
-295
-278
-292
-297
-253
-251
-243
-199
-173
-148
-150
-134
-120
-123
-104
-108
-95
-93
-107
-105
-86
-57
-24
-30
-63
-32
-68
-114
-74
-84
-48
1
-19
-32
-26
-6
25
80
97
112
145
134
84
92
92
34
98
139
116
110
64
55
11
-59
-100
-120
-58
-71
-67
26
57
126
125
83
121
106
79
42
-26
-21
72
130
90
69
101
15
-40
-61
-188
-184
-169
-185
-128
-86
-15
-10
-18
-6
-121
-230
-368
-485
-428
-462
-520
-431
-435
-445
-442
-443
-392
-339
-275
-386
-389
-315
-308
-213
-201
-151
-132
-226
-163
-224
-377
-175
-86
-251
-326
-224
-240
-460
-435
-446
-355
-250
-498
-516
-492
-492
-439
-447
-304
-192
-104
-41
-186
-359
-512
-579
-450
-406
-504
-567
-467
-329
-404
-459
-340
-445
-657
-624
-571
-455
-194
-36
-25
-65
-36
6
7
122
271
293
334
558
508
372
451
297
219
234
142
208
241
190
199
141
49
-129
-246
-142
6
123
317
459
477
577
490
489
588
263
163
357
504
590
478
382
280
272
309
179
170
203
3
-156
-163
-266
-88
260
191
326
404
118
-26
-217
-290
-184
-102
-229
-360
-358
-488
-420
-264
-197
-209
-238
11
201
311
313
132
20
-90
-59
38
2
-216
-442
-529
-667
-690
-560
-517
-473
-260
-217
-269
-208
-232
-160
-178
-243
-239
-287
-305
-511
-638
-684
-666
-441
-284
-303
-509
-532
-482
-476
-412
-391
-357
-511
-570
-314
-21
153
122
70
100
41
71
96
149
287
214
362
519
489
535
533
654
684
539
493
609
545
161
66
155
262
395
181
-56
100
295
214
72
3
-129
-152
-77
-404
-561
-513
-602
-406
-308
-91
62
-173
-167
1
-64
-241
-315
-259
-90
-155
-294
-299
-362
-282
-76
-2
12
-35
-21
-28
-165
-98
-80
-173
-217
-285
-217
-122
-128
18
55
21
113
93
93
-8
87
266
137
94
113
75
99
121
148
160
24
249
494
363
340
281
300
344
363
454
338
181
273
399
62
-186
35
100
129
239
107
88
186
51
-79
-188
-320
-346
-364
-293
-185
-424
-454
-309
-417
-347
-224
-281
-367
-210
-100
-141
-154
-109
-59
-160
-215
-182
-75
-62
-58
-4
-108
-96
-185
-281
-261
-386
-307
-199
-238
-318
-324
-31
167
125
221
327
277
310
327
237
118
-70
-153
-85
52
174
205
226
220
184
155
43
-208
-342
-289
-246
-207
-220
-292
-447
-594
-570
-532
-401
-265
-390
-408
-222
-104
-104
-189
-136
-56
-131
-152
-94
74
213
184
152
24
-148
-92
-20
-94
-117
-170
-132
-47
-80
-80
-173
-218
-162
-91
-140
-229
-217
-348
-267
-55
-109
28
209
45
8
-17
-115
15
41
94
199
170
342
416
250
275
424
473
408
462
617
575
449
328
254
288
268
281
325
296
93
-34
91
32
115
329
481
615
415
257
255
323
351
174
17
-29
-32
-201
-289
-133
64
152
60
73
73
66
241
198
106
20
-80
52
110
103
140
105
-37
-166
-138
-228
-291
-176
-211
-297
-305
-138
-107
-222
-37
10
-114
-164
-252
-332
-345
-313
-341
-305
-210
-213
-270
-325
-319
-270
-382
-571
-579
-500
-452
-456
-493
-437
-390
-346
-310
-389
-409
-358
-285
-200
-69
-127
-214
-91
-249
-326
-192
-245
-195
-79
-92
-196
-235
-144
-182
-139
45
56
123
167
131
240
262
255
278
196
207
321
388
423
500
553
460
313
197
151
177
234
265
333
470
506
437
396
351
241
283
309
160
92
-63
-170
-144
-195
-166
-135
-223
-291
-254
-287
-325
-209
-116
-83
-120
-175
-232
-249
-167
-150
-90
70
129
80
64
113
87
7
-19
-10
72
113
105
170
99
56
97
-2
8
-9
-10
95
72
88
141
37
-99
-118
-73
-31
6
44
-12
-28
-51
-84
-56
-139
-196
-201
-153
-127
-199
-159
-102
-140
-132
-141
-232
-239
-168
-188
-193
-157
-213
-258
-212
-77
-21
-32
15
-39
-85
-150
-201
-169
-195
-247
-221
-102
-123
-132
-73
-90
-65
-167
-192
-74
-110
-121
-182
-231
-140
-111
-28
21
101
189
221
351
343
391
500
408
338
493
631
468
248
281
401
280
117
15
21
70
45
62
10
-2
74
209
250
108
27
-46
-72
-22
-10
-37
-76
-69
-102
-184
-277
-214
-104
-93
17
-18
-151
-75
27
59
109
83
32
-34
-150
-84
-16
-52
-35
-95
-181
-133
-16
-43
-194
-206
-260
-240
-52
-25
33
108
19
32
121
66
39
57
-16
20
32
-30
66
101
101
138
94
61
-2
-91
-117
-116
-49
12
4
47
-5
-97
-7
121
168
168
164
144
173
184
146
146
160
86
-32
45
142
125
141
127
97
165
176
125
218
234
121
-13
-100
-102
-124
-33
49
11
33
46
61
-15
-122
-71
-36
-12
-49
-129
-55
-103
-254
-230
-277
-320
-321
-312
-189
-172
-195
-191
-164
-19
9
-54
-53
-105
-102
-70
-86
-64
-90
-119
-34
13
-77
-143
-150
-168
-161
-118
-93
-63
-115
-140
-96
-127
-42
17
-15
19
25
-4
-34
-33
-49
-50
-32
-84
-69
-32
-116
-162
-156
-181
-207
-176
-125
-129
-138
-137
-123
-148
-185
-99
-33
-33
6
86
145
81
61
100
122
188
262
293
284
316
214
120
117
30
110
159
67
108
121
65
84
62
44
71
22
8
10
-7
17
6
-33
-53
-48
31
102
111
171
221
206
221
171
61
14
25
93
152
158
154
135
59
-37
-89
-72
-82
-153
-86
-49
-16
68
68
57
1
-4
-43
-132
-213
-254
-259
-258
-155
-122
-79
-8
-19
-25
-41
-42
-64
-58
-18
-29
-20
-66
-107
-37
-29
-17
23
-27
-33
53
85
6
-46
-31
-63
-99
-41
-44
-140
-124
-69
-44
-74
-54
24
-17
-104
-129
-129
-124
-84
-151
-238
-189
-142
-171
-218
-199
-148
-84
-27
-51
-72
-127
-142
-99
-88
-10
17
0
-7
15
86
71
82
168
199
174
116
113
165
139
89
79
102
156
164
133
160
206
232
317
334
257
257
288
305
335
364
313
263
298
246
181
185
165
173
161
107
67
39
63
71
9
-16
-32
-43
15
58
80
90
79
65
-6
-94
-147
-179
-167
-226
-271
-190
-180
-255
-287
-212
-79
-30
-82
-110
-91
-89
-121
-131
-120
-121
-126
-192
-211
-221
-292
-280
-250
-236
-196
-149
-147
-140
-77
-86
-119
-94
-73
-44
-18
3
18
17
35
2
-33
-13
-3
-27
-71
-54
-21
-31
-6
11
-58
-67
11
-1
-15
21
-1
-55
-54
-25
9
41
63
47
21
40
14
18
63
54
62
48
16
24
47
72
86
88
51
75
141
131
97
61
32
62
64
-29
-54
-23
-58
-35
7
-12
-23
-67
-66
-45
-63
-40
-10
-24
-77
-84
-68
-81
-95
-112
-102
-102
-97
-24
43
58
62
59
85
111
113
149
133
137
138
102
67
40
89
91
136
186
103
35
-30
-71
-58
-47
-55
-89
-28
16
-46
-48
-69
-63
-47
-104
-99
-122
-123
-24
31
51
39
10
74
72
-4
15
-28
-122
-109
-63
-59
-43
-42
-59
-106
-115
-18
-11
6
50
28
32
19
-7
13
65
98
138
131
102
105
56
13
-13
-22
-5
-18
-10
20
56
61
54
47
-5
-5
4
6
34
27
24
25
1
-19
-16
-27
-56
-44
20
66
85
55
8
-32
-48
-32
-46
-46
-44
-38
-41
-23
1
-29
-13
-32
-38
-40
-70
-46
-83
-79
-36
-14
21
-20
-40
-15
-28
-69
-98
-90
-37
-19
-8
44
32
7
-7
24
27
-51
-13
10
-12
25
-20
-39
8
-20
-27
-7
-12
-32
-78
-107
-95
-63
-81
-121
-97
-72
-89
-82
-60
-46
-56
-31
-1
-31
-29
-17
-46
-90
-94
-75
-62
-58
-60
-41
-32
-43
-31
-7
-27
-38
-10
-13
0
42
53
91
106
79
89
73
45
59
88
119
137
109
68
55
36
34
37
30
44
50
48
69
84
110
124
85
55
75
117
126
125
125
108
124
130
128
143
142
83
39
64
16
-30
11
22
-26
-67
-68
-82
-83
-67
-59
-16
31
55
54
50
51
33
36
-7
-36
-12
-50
-51
-10
6
24
8
-28
-58
-54
-27
-9
-9
-18
-31
-45
-65
-81
-80
-97
-115
-137
-180
-185
-158
-150
-159
-144
-123
-80
-29
-43
-43
-42
-57
-35
-59
-75
-70
-69
-40
-39
-2
5
-33
-5
-9
-63
-84
-70
-35
-17
-13
7
-17
-19
31
38
9
2
3
7
17
26
22
-1
-7
4
-2
-19
3
9
1
9
11
44
35
6
10
28
65
37
19
61
63
34
20
25
11
5
19
-9
-27
-34
-51
-46
-45
-33
-13
-13
2
42
45
9
-21
-54
-55
-60
-106
-93
-66
-48
-27
-46
-43
-20
12
41
39
33
50
46
18
17
17
19
46
75
98
118
92
74
93
92
84
61
56
65
68
70
62
34
25
45
33
44
58
13
8
4
-22
2
24
32
16
-35
-41
-36
-31
4
1
-37
-40
-30
-51
-82
-78
-55
-25
-4
-9
-20
-28
-13
21
10
-3
23
17
17
57
66
33
15
10
1
12
-15
-22
23
36
52
48
42
49
42
23
20
55
51
63
87
65
58
56
46
41
40
49
52
29
15
4
12
39
30
33
48
37
25
-4
-27
-42
-46
-33
-52
-75
-76
-60
-55
-68
-93
-110
-98
-93
-81
-68
-86
-115
-136
-129
-114
-109
-99
-97
-90
-84
-94
-81
-70
-67
-64
-67
-73
-85
-84
-75
-51
-22
-14
-15
1
6
-15
-9
-18
-16
20
29
34
54
60
33
11
14
1
-14
-3
-7
-11
4
-7
-24
-14
-9
-2
-2
6
15
-8
16
40
40
52
49
66
61
30
61
110
99
76
68
56
52
46
50
57
60
64
46
38
42
48
33
9
6
0
-14
-18
-17
-28
-22
16
6
-41
-27
-29
-35
-10
-6
16
12
10
30
40
71
62
49
37
2
-5
-10
-23
-31
-35
-24
-31
-48
-49
-48
-51
-29
-8
-25
-16
-1
1
3
-7
-4
-14
-18
-16
-22
-10
-6
-18
-20
-20
-27
-13
-11
-19
-13
-21
-25
-32
-48
-66
-75
-47
-18
-16
-19
-25
-22
-25
-36
-60
-71
-46
-30
-14
4
-2
-2
-2
-16
-16
-15
-8
-5
-25
-19
-11
-12
1
16
23
23
37
33
13
3
6
9
-3
0
22
24
19
39
48
34
25
5
-2
-2
-15
-17
-15
7
1
-19
-16
-24
-22
-16
7
30
14
25
59
42
22
30
29
17
0
-7
-7
-6
-15
-25
-29
-28
-4
10
12
32
39
38
47
51
54
49
38
37
41
28
22
25
13
7
14
29
36
26
23
29
33
49
48
32
38
42
31
20
22
19
1
-23
-35
-32
-31
-46
-46
-34
-36
-30
-12
-15
-21
-22
-32
-30
-27
-41
-28
-23
-36
-28
-23
-26
-33
-31
-30
-32
-27
-32
-27
-22
-19
-19
-34
-33
-46
-46
-29
-29
-12
-4
-8
7
6
-1
15
29
45
50
39
27
1
-2
19
19
23
22
23
31
11
9
11
2
-2
-21
-30
-34
-33
-24
-37
-41
-29
-42
-35
-18
-17
-7
-15
-25
-17
-18
-21
-16
-16
-16
-6
-9
2
-2
-20
-13
-18
-17
-14
-20
-18
-12
-1
-10
-2
-2
-14
-2
1
1
-9
-14
-16
-23
-7
3
0
9
25
27
27
24
17
32
35
27
31
38
45
42
41
48
43
45
46
46
48
45
40
23
20
24
27
26
17
17
9
7
7
14
20
16
25
28
21
18
11
2
-12
-13
-4
-4
3
17
20
12
14
9
2
6
-3
-10
-11
5
17
14
17
21
6
-12
-14
-21
-20
-8
-3
2
6
5
-15
-23
-18
-18
-11
-7
-9
-11
-11
2
7
8
8
7
12
5
3
14
9
3
8
7
3
17
20
21
17
5
4
-10
-15
-15
-22
-20
-23
-24
-22
-21
-17
-16
-12
-9
-6
-4
-3
1
-1
-1
1
-1
-8
-8
-9
-15
-20
-24
-29
-31
-33
-30
-17
-11
-7
-3
-6
-7
-8
-12
-10
-19
-25
-14
-10
-9
-3
-4
1
-5
-9
-10
-13
-4
-4
-3
0
-1
1
0
2
5
5
2
-5
-6
-12
-12
-12
-21
-17
-13
-12
-14
-13
-15
-19
-14
-12
-9
-3
0
12
25
28
29
28
20
13
18
29
29
20
12
14
7
4
11
19
32
35
30
28
21
13
11
11
18
30
28
26
33
23
5
11
8
3
8
9
22
28
19
20
15
3
2
-6
-4
2
-9
-7
-8
-10
-7
-12
-4
-4
-6
-3
-6
-4
-3
-9
-13
-9
-14
-14
-13
-11
-2
-7
-7
-11
-13
-7
-5
-4
-1
-3
-2
3
2
0
1
-4
-10
-5
0
-3
2
3
3
13
18
22
19
14
18
18
9
7
8
2
-2
-3
-5
-12
-15
-19
-24
-16
-11
-11
-5
-7
-7
-3
-1
-1
-4
-7
-11
-16
-22
-24
-25
-20
-18
-19
-12
-12
-15
-15
-14
-11
-13
-9
-7
-7
-4
-8
-8
-7
-13
-14
-15
-14
-10
-8
-3
2
1
3
5
3
2
3
8
8
8
8
8
12
10
12
16
13
18
21
20
23
22
20
16
11
12
13
11
13
11
7
7
6
6
6
7
9
8
10
12
10
9
8
6
4
0
-4
-6
-7
-5
-4
-2
3
0
2
4
0
0
2
-1
1
2
1
1
-2
-3
-6
-9
-5
-6
-3
-4
-5
-6
-6
-7
-7
-2
-2
0
2
4
3
2
2
-1
1
-1
1
7
5
9
5
3
3
-3
-1
-2
-1
1
-3
-2
-4
-8
-7
-5
-7
-6
-7
-11
-10
-14
-18
-17
-14
-12
-10
-7
-2
-2
-1
-1
2
3
5
8
10
12
9
5
2
-5
-8
-12
-12
-11
-11
-11
-12
-11
-8
-7
-2
0
5
7
7
9
8
5
3
4
2
-2
0
-1
1
0
0
4
4
4
5
7
9
8
7
5
4
0
-2
-5
-6
-8
-10
-13
-12
-13
-12
-12
-7
-3
-1
5
4
4
5
2
2
3
3
3
6
8
7
5
3
2
0
0
3
4
7
7
6
7
6
4
3
1
1
0
2
1
2
3
2
2
3
3
3
4
3
5
5
3
5
3
2
3
1
1
-2
0
-1
-1
-1
-3
-3
-5
-8
-7
-7
-6
-7
-6
-6
-5
-6
-5
-5
-6
-4
-5
-6
-5
-6
-5
-4
-4
-4
-7
-5
-6
-5
-3
-1
1
4
4
6
9
9
9
7
5
3
0
-1
0
-1
-1
-1
-2
-1
-3
-3
-3
-1
0
2
4
5
6
5
3
3
1
-1
-1
-1
-1
0
0
-1
1
0
1
3
3
3
4
2
1
-1
-2
-5
-6
-6
-7
-8
-7
-5
-6
-4
-4
-2
-2
-2
0
2
2
3
2
4
2
2
2
1
1
-1
-1
0
1
3
3
4
3
3
3
1
0
-1
-2
-2
0
-1
1
1
0
2
0
1
1
1
1
2
2
2
0
0
0
-1
-2
-2
-2
-2
-1
-1
0
1
1
1
1
1
1
0
-1
-4
-4
-5
-6
-6
-6
-5
-3
-1
0
0
1
3
3
3
2
1
-1
-1
-2
-2
-1
-2
-2
-2
-2
-2
0
-1
1
2
3
4
6
7
5
5
3
2
0
-2
-2
-2
-1
0
0
0
0
-1
-1
-2
-2
-2
-1
-1
0
1
3
2
1
1
-1
0
0
-1
0
0
1
1
-1
-1
-2
-2
-2
-1
-1
0
1
1
2
1
1
1
1
1
0
2
1
-1
-2
-5
-4
-4
-3
-1
0
2
4
5
6
6
5
5
4
3
2
1
0
-1
-3
-3
-4
-3
-4
-4
-3
-3
-1
0
2
3
4
4
4
3
1
-2
-4
-5
-6
-5
-5
-3
-1
-1
0
1
0
2
3
4
4
4
4
4
2
0
-1
-3
-3
-3
-4
-3
-2
-2
-1
0
1
2
2
4
2
2
2
2
1
0
-1
-2
-1
-2
-1
-1
-1
0
-1
1
1
1
0
1
1
1
1
1
1
0
0
0
-1
-1
-2
-2
-2
-2
-2
-1
-1
-2
-1
-1
-2
-2
-1
-1
-1
0
2
2
2
2
2
1
1
0
-1
-2
-2
-2
-2
-1
0
-1
0
2
2
1
2
2
2
2
1
1
0
-1
-2
-2
-1
-2
-2
-2
-1
-1
1
1
1
2
2
2
3
2
2
1
0
-1
-2
-2
-1
-2
-1
0
0
1
1
2
1
1
1
0
0
0
-1
-1
-1
-1
0
-1
-1
-1
0
0
1
1
2
2
1
2
1
0
0
-1
-1
-1
-1
-1
0
1
2
1
2
2
1
0
0
0
0
0
-1
-2
-2
-1
-1
-1
0
0
1
1
2
1
2
2
2
2
0
0
0
0
-1
-2
-2
-2
-1
-1
-1
0
0
1
2
2
2
2
0
0
-1
-1
-3
-2
0
-1
-1
0
0
-1
1
0
0
1
1
2
2
3
2
1
0
0
-1
-1
-1
-1
-1
0
0
1
0
1
1
1
1
0
1
0
0
0
0
0
0
0
-1
-1
0
0
0
0
1
0
1
1
1
1
1
0
1
-1
1
0
0
0
-1
0
0
0
0
0
1
1
0
1
0
0
0
0
1
0
0
0
0
0
0
0
1
0
0
0
-1
0
1
1
1
1
1
1
1
0
0
0
0
0
0
0
0
1
0
0
0
0
1
0
-1
0
1
1
1
0
1
1
1
1
1
-1
0
-1
0
-1
-1
0
-1
0
0
0
0
0
1
1
1
1
0
0
0
0
0
0
-1
-1
-1
-1
-1
0
0
1
1
1
1
2
1
0
0
0
0
-1
0
-1
-1
-1
0
0
0
0
1
0
1
0
1
1
0
1
1
0
0
0
0
0
-1
0
0
1
0
0
1
1
1
1
0
1
0
0
0
0
0
0
0
0
-1
1
1
0
0
0
1
0
0
0
1
0
0
0
1
0
0
0
0
1
0
1
1
1
0
1
1
0
0
0
-1
-1
-1
-1
0
0
0
1
0
1
1
1
1
0
0
0
0
0
1
0
1
0
0
0
0
0
0
1
0
1
2
0
1
1
1
0
0
0
0
-1
0
0
0
0
0
0
1
1
1
0
0
0
1
0
1
1
1
1
0
1
0
0
0
1
0
0
1
-1
0
1
1
0
1
1
1
0
0
1
1
0
-1
0
0
0
1
0
0
0
1
0
1
1
1
1
0
1
0
1
0
0
0
0
0
0
1
1
-1
0
0
0
1
0
0
0
1
0
0
1
1
0
0
0
0
0
1
0
1
0
0
0
0
1
0
1
1
1
0
1
1
0
0
0
0
0
0
0
0
0
1
0
0
0
0
0
0
1
1
0
0
0
1
0
0
-1
0
0
0
1
0
-1
0
0
0
0
0
0
-1
0
0
0
-1
1
0
1
0
0
0
0
0
0
1
0
0
0
0
0
0
0
0
0
1
-1
0
0
0
0
1
0
0
1
0
1
0
0
0
0
0
0
0
0
0
0
0
1
0
0
0
0
1
1
1
0
0
1
1
1
0
1
1
0
0
0
1
1
1
1
0
1
1
0
0
1
1
1
1
1
0
1
1
0
1
1
1
1
1
1
1
1
0
1
1
1
1
1
1
1
1
0
1
1
0
1
1
0
2
1
1
0
1
1
0
0
1
1
0
1
1
1
0
0
1
1
1
1
1
0
1
0
1
1
1
0
0
1
0
0
0
0
1
0
0
1
2
0
1
0
0
0
1
1
0
0
0
0
1
0
1
0
1
-1
1
0
0
1
0
0
0
0
0
0
1
0
0
0
0
0
-1
0
-1
0
0
0
-1
0
0
0
0
0
-1
0
0
0
-1
-1
0
-1
-1
0
-1
-1
-1
0
0
-1
-1
0
0
0
-1
0
-1
0
-1
0
0
0
0
-1
-1
0
-1
0
-1
0
-1
-1
0
-1
0
0
-1
0
0
-1
-1
0
0
-1
0
0
-1
0
-1
0
0
0
-1
-1
0
0
0
-1
-1
0
-1
1
0
0
0
0
0
0
0
0
0
1
0
-1
0
0
0
1
0
1
0
0
0
0
0
0
1
1
1
0
1
1
0
0
0
0
0
0
0
1
1
0
1
0
0
1
1
1
2
1
0
1
1
1
1
1
1
1
0
1
0
2
1
1
1
0
1
1
1
1
0
1
0
1
0
1
1
1
1
1
0
1
1
1
1
1
1
1
1
1
0
1
1
1
0
2
2
0
0
1
1
1
1
1
1
0
1
1
1
0
1
0
0
1
1
0
1
1
0
0
0
0
1
1
0
0
1
0
0
0
1
1
1
0
0
1
0
0
1
0
1
0
1
0
0
1
0
1
0
1
0
0
0
1
0
1
0
1
1
0
0
0
0
0
0
1
1
1
1
1
1
0
-1
1
0
0
0
-1
0
0
0
0
1
0
0
0
0
0
1
0
0
0
0
0
0
0
1
0
0
1
1
1
1
-1
0
1
0
0
0
0
1
0
0
0
0
0
1
0
1
0
-1
0
0
0
1
0
1
0
0
0
0
0
0
0
1
0
0
0
0
1
0
1
1
1
0
1
1
1
0
0
0
1
1
0
0
0
0
0
1
1
1
0
0
1
1
1
0
1
0
0
1
1
1
0
0
1
1
0
1
1
0
0
0
1
1
0
1
1
1
1
0
1
0
1
0
0
0
0
0
0
2
0
0
1
1
0
1
0
0
1
1
0
1
0
0
0
0
1
1
0
1
1
1
0
0
1
1
0
0
0
0
0
1
0
0
1
0
0
1
0
0
0
0
0
1
0
0
1
0
0
0
1
0
0
1
0
0
0
0
1
0
1
0
0
1
0
-1
0
1
0
0
1
0
1
0
0
1
-1
0
0
0
0
0
0
0
0
1
0
0
0
1
0
0
-1
0
0
0
0
0
0
0
0
0
1
0
0
1
0
0
0
0
0
0
0
0
0
1
0
1
0
0
0
1
0
0
0
0
0
1
1
0
1
0
1
-1
1
0
1
1
0
0
0
0
0
0
-1
0
0
0
0
1
0
0
0
0
0
0
0
0
0
0
0
1
1
0
0
0
0
0
1
0
1
0
1
1
1
0
0
1
0
0
1
0
0
1
1
0
0
0
0
0
0
1
1
1
0
1
0
1
0
0
1
0
0
1
0
1
1
1
1
1
1
1
0
1
0
0
0
0
0
1
1
0
1
0
0
0
0
0
0
0
1
1
0
0
1
1
0
0
1
0
0
0
1
1
0
0
1
0
0
0
1
0
1
0
0
1
0
1
0
1
1
0
1
0
0
0
0
1
1
0
1
1
1
1
0
1
0
0
1
1
1
1
1
0
0
0
1
0
1
0
0
1
1
1
1
0
0
1
1
0
0
0
0
1
0
1
0
0
0
0
0
0
1
1
0
0
1
0
1
0
1
1
0
1
1
0
1
1
1
1
0
1
1
1
1
0
1
0
0
0
1
1
1
1
1
0
2
1
1
1
1
1
1
0
0
0
1
1
1
1
0
1
1
1
0
1
1
1
1
1
1
1
1
1
1
1
1
0
1
1
1
0
0
0
0
0
0
0
0
1
0
1
-1
0
1
0
0
0
0
1
0
0
1
0
0
1
1
0
0
1
0
0
1
1
0
0
1
0
0
0
0
1
0
0
1
0
-1
1
1
0
1
-1
0
0
1
0
0
-1
0
0
0
0
0
0
0
0
0
-1
0
0
0
1
0
-1
0
-1
0
1
0
0
-1
0
0
0
0
-1
0
-1
-1
0
-1
-1
-1
0
0
0
0
-1
0
-1
-1
0
0
0
0
-1
0
0
0
0
0
0
0
0
0
-1
0
-1
0
0
0
0
0
0
0
1
0
1
0
0
0
0
0
0
0
0
0
0
0
0
0
1
1
0
0
0
1
0
0
0
0
1
0
0
0
1
0
1
1
1
1
0
1
1
1
1
1
1
1
1
1
1
1
1
1
1
1
1
1
1
2
1
1
1
1
2
1
1
2
1
1
1
0
1
1
1
1
2
2
2
2
1
1
0
1
0
1
1
1
1
0
1
1
1
1
1
1
1
1
1
1
1
0
0
0
0
0
1
0
1
1
1
1
0
0
0
0
1
1
1
0
0
1
0
0
0
0
0
0
0
0
1
0
0
-1
0
0
-1
-1
0
0
0
-1
0
-1
0
-1
-1
-1
0
-1
0
-1
0
0
0
0
-1
0
-1
0
-1
-1
0
-1
0
-1
-1
0
0
0
-1
-1
-1
-1
0
0
0
-1
0
0
-1
0
-1
0
0
-1
0
0
0
0
0
1
0
0
0
0
1
0
0
0
1
1
0
0
0
1
0
0
1
1
1
1
0
0
1
1
1
1
0
0
1
0
1
1
2
1
1
1
2
1
1
1
1
1
1
1
1
1
1
1
1
0
1
1
1
0
1
0
1
1
1
1
1
1
1
0
2
1
1
1
1
1
1
2
1
1
0
1
1
0
0
0
0
0
1
0
0
0
1
0
0
0
1
1
-1
0
0
0
0
0
0
0
-1
0
-1
0
0
0
-1
0
-1
0
0
-1
0
-1
0
0
0
0
0
0
-1
0
-1
-1
0
0
-1
-1
0
0
0
0
-1
-1
-1
-1
0
0
0
0
0
0
0
-1
0
0
1
-1
-1
1
0
0
0
1
0
0
0
0
0
1
0
1
0
0
1
0
1
0
1
1
1
1
1
0
1
1
1
1
1
2
2
2
2
1
1
1
2
2
2
1
2
1
1
1
1
1
2
2
2
2
1
2
2
2
2
3
1
1
1
2
2
1
2
1
1
1
1
1
1
1
1
1
2
1
1
1
2
0
1
1
0
0
1
1
0
0
1
1
1
0
0
0
0
-1
0
0
0
0
-1
-1
-1
0
0
0
0
-1
0
0
-1
-1
0
-1
-1
-1
0
-1
0
-1
-1
-1
-2
-1
-1
-1
-1
-2
-2
-2
-1
-1
-1
-1
-2
-1
-1
-2
-2
-2
-2
-1
-2
-2
-2
-2
-2
-1
-2
-2
-2
-2
-2
-1
-2
-2
-1
-1
-2
-2
-1
-1
-2
-1
-2
-1
-1
-1
-1
-1
-1
-1
0
0
-1
-1
0
-1
0
-1
-1
0
-1
0
0
1
0
1
0
0
0
0
1
1
0
0
1
1
2
2
1
2
2
1
0
2
2
1
0
2
2
2
2
1
2
2
2
2
2
1
1
2
2
2
2
3
2
3
2
2
2
2
2
2
2
2
2
2
2
2
2
1
2
2
1
2
1
2
1
1
1
2
1
1
1
1
2
1
1
1
1
0
0
1
0
0
0
0
0
0
0
0
0
0
0
-1
0
-1
-1
-1
-1
-1
-1
-1
-1
-1
-1
-1
-2
0
-2
-1
-1
-2
-1
-2
-1
-1
-2
-2
-1
-1
-2
-1
-2
-1
-1
-2
-2
-1
-1
-1
-1
-1
-1
-1
-1
-2
-1
-1
-1
-1
-1
-2
-1
-1
-2
-1
-1
0
0
-1
0
-1
0
0
0
0
0
0
0
0
0
1
-1
0
0
0
1
0
0
0
0
1
1
1
0
1
1
1
1
2
1
1
1
1
1
1
2
1
1
1
1
1
2
2
1
2
1
1
1
1
2
1
1
1
1
0
1
1
1
0
1
1
1
1
1
2
2
1
1
1
0
2
1
1
1
1
2
1
2
1
1
1
1
1
1
1
1
1
0
0
0
0
0
0
0
1
1
1
0
0
1
0
1
1
0
0
0
0
0
0
0
0
0
-1
0
0
0
0
0
0
0
-1
-1
0
0
-1
0
-1
0
-1
-1
-1
0
-1
0
-1
-1
0
-1
-1
-1
0
-1
-1
-1
0
-1
-1
-1
-1
0
0
0
0
1
-1
0
-1
-1
0
-1
0
-1
-1
0
0
0
-1
0
-1
0
-1
1
0
0
0
0
0
0
1
0
0
1
0
0
1
1
1
1
0
-1
1
0
1
0
1
0
0
1
1
0
1
1
1
1
1
1
1
2
2
2
1
1
2
1
2
2
1
2
1
1
1
1
1
1
0
2
2
1
1
1
2
1
3
0
1
1
0
1
1
0
1
1
1
1
1
1
1
1
1
0
1
0
0
0
-1
-1
0
0
-1
0
0
-1
-1
-1
-1
-1
-1
0
-1
-2
-1
-1
-1
-1
-1
0
-1
-1
-1
-1
-2
-2
-2
-2
-1
-2
0
-2
-2
-1
-2
-2
-2
-1
-2
-1
-1
-2
-1
-2
-2
-2
-1
-2
-2
-1
-2
-2
-2
-1
-1
-2
-2
-1
-1
-1
-1
-1
0
0
-1
-1
0
0
0
-1
-1
0
-1
-1
0
0
1
0
0
0
2
0
0
1
1
0
1
1
1
1
1
0
2
1
1
1
2
2
1
2
1
1
2
2
2
2
2
2
2
3
1
2
1
1
1
1
2
2
2
3
2
2
2
2
2
2
2
1
1
2
1
2
2
1
2
1
1
2
1
1
2
1
1
1
1
2
1
1
1
1
1
0
0
1
1
0
0
0
1
1
0
1
0
0
0
0
-1
0
-1
0
-1
-1
0
-1
-1
-1
-1
0
-1
-2
-1
0
-1
0
-1
0
-1
-2
-1
0
-1
-1
-2
-1
-1
-1
-1
-1
-1
0
-1
0
-1
-1
-1
-1
-1
0
-1
0
-1
-1
-1
0
-1
0
-1
-1
-1
-2
-1
-1
-1
0
0
0
-1
0
0
-1
-1
-1
-1
0
-1
-1
0
0
-1
0
0
0
0
0
0
0
0
0
0
-1
0
1
0
0
0
-1
0
0
0
0
0
0
0
0
-1
0
1
0
0
-1
0
0
-1
0
-1
0
0
1
1
0
0
1
-1
0
0
0
0
0
0
1
0
0
0
0
0
0
0
-1
1
1
0
0
0
0
1
0
1
1
1
1
1
1
1
2
1
1
1
1
1
0
1
1
1
1
2
2
1
2
1
1
2
2
1
2
2
1
2
1
2
2
2
2
2
1
2
1
2
2
2
1
1
2
2
2
2
2
2
1
2
2
2
2
1
1
1
2
1
1
1
1
1
0
1
1
1
1
1
0
1
0
-1
0
0
0
0
0
0
0
-1
-1
-1
-2
-2
-1
-1
-1
0
-1
-2
-2
-2
-2
-1
-1
-2
-1
-3
-2
-2
-2
-2
-2
-2
-2
-2
-1
-2
-2
-3
-2
-2
-2
-2
-2
-3
-2
-2
-1
-2
-2
-2
-2
-1
-2
-1
-2
-1
-2
-1
-2
-1
-1
-1
-2
-1
-1
-1
0
0
0
0
1
0
0
0
1
0
1
0
1
1
1
2
1
2
1
2
2
2
3
2
2
2
2
2
2
2
2
2
1
2
2
2
3
2
2
2
3
3
2
3
2
2
2
2
2
2
2
3
2
2
2
1
2
2
1
1
1
1
1
1
1
1
0
0
0
1
0
1
1
0
0
0
0
1
0
0
0
0
0
0
-1
-1
-1
-1
-1
-1
-1
0
0
-1
-2
-1
0
-1
-1
-1
-1
-1
-1
-1
-1
-2
-1
-1
0
0
-1
-1
0
-1
-1
0
0
0
-1
0
-1
0
0
0
-1
0
0
1
0
0
0
0
1
0
0
0
0
1
1
1
0
1
1
1
0
1
1
1
1
1
2
2
1
1
0
1
0
0
1
1
1
1
1
0
0
1
0
0
1
0
0
1
0
1
0
0
1
0
-1
-1
0
0
-1
-1
-1
-1
-1
0
0
-1
-1
-2
-1
-2
-2
-1
-2
-1
-1
-1
-2
-2
-1
-1
-1
-1
-1
-1
-1
-1
-1
-2
-1
0
-1
-1
-1
-1
-1
-1
0
0
0
-1
0
-1
0
0
1
2
1
1
1
2
2
1
2
2
3
1
2
1
2
2
2
3
2
2
2
3
2
3
3
2
3
3
3
2
4
3
3
4
4
3
3
4
4
3
3
2
3
3
3
3
3
2
2
2
2
1
2
2
2
2
1
1
1
1
0
1
0
0
0
0
-1
-1
0
0
-1
-2
-1
-2
-1
-2
-2
-2
-2
-3
-3
-3
-3
-3
-3
-3
-3
-4
-4
-3
-4
-3
-3
-4
-4
-3
-4
-4
-4
-4
-4
-4
-4
-3
-4
-4
-4
-3
-3
-4
-4
-4
-3
-3
-3
-3
-3
-3
-2
-3
-2
-2
-2
-2
-2
-1
-1
-1
-1
0
0
0
1
0
1
1
1
1
2
1
2
2
2
2
2
3
3
3
2
3
3
4
3
4
4
4
4
5
5
4
4
4
4
6
5
5
4
4
5
6
5
5
5
4
4
4
5
4
5
5
4
4
4
3
4
4
4
4
3
4
3
2
2
2
2
3
3
2
1
1
1
1
1
2
2
1
1
0
-1
-1
-1
-1
0
0
0
-1
-2
-2
-2
-3
-2
-2
-2
-2
-2
-4
-4
-4
-4
-3
-3
-3
-4
-3
-5
-4
-4
-4
-4
-2
-3
-4
-4
-5
-4
-4
-4
-3
-3
-3
-3
-5
-5
-4
-4
-3
-3
-2
-2
-3
-4
-4
-3
-2
-2
-1
-1
-1
-2
-3
-2
-2
-2
0
0
0
-1
-1
-1
-1
-1
0
1
2
1
2
0
0
0
1
2
2
3
2
2
1
1
1
3
4
3
4
3
3
3
2
2
3
4
5
5
5
3
3
2
3
4
5
4
4
3
2
3
2
3
5
5
5
4
4
3
2
2
3
4
4
4
3
2
2
1
2
3
4
3
2
2
1
0
1
1
3
3
2
1
1
-1
0
1
1
1
2
2
0
0
-1
-1
0
0
1
1
1
0
-2
-2
-2
-1
-1
1
0
-1
-1
-2
-3
-2
-2
0
0
0
-1
-3
-3
-2
-2
-2
0
-1
-1
-2
-3
-4
-2
-2
-2
-1
0
-2
-2
-4
-3
-3
-2
-1
-1
-1
-2
-3
-3
-3
-2
-1
0
-1
-1
-2
-3
-4
-3
-2
-1
-1
0
-1
-2
-2
-3
-3
-2
-1
0
-1
-1
-2
-3
-3
-1
-1
0
0
0
-1
-2
-4
-3
-1
0
0
1
-1
-1
-3
-2
-2
0
0
2
1
0
-1
-2
-1
-1
0
1
2
1
0
0
-1
0
0
1
2
2
2
1
0
0
1
2
3
4
3
3
2
2
1
2
3
5
4
4
4
3
2
2
3
5
5
5
5
4
4
4
4
5
6
6
7
5
5
4
3
4
5
6
6
5
5
4
4
3
4
5
6
5
4
4
3
3
3
3
3
4
3
3
2
1
0
1
0
2
1
1
0
-1
-1
-2
-2
0
0
-1
-2
-3
-4
-4
-4
-3
-3
-2
-3
-4
-5
-6
-6
-5
-5
-4
-4
-5
-6
-7
-8
-7
-7
-6
-5
-6
-5
-7
-7
-8
-7
-7
-5
-5
-5
-6
-6
-7
-7
-6
-5
-5
-4
-4
-4
-5
-5
-4
-5
-3
-3
-2
-2
-3
-3
-2
-2
-1
-1
0
0
0
0
0
1
1
2
2
3
3
3
2
2
4
4
5
5
5
5
4
5
5
5
6
6
7
6
6
5
5
5
6
6
8
7
7
7
6
6
6
6
7
7
6
6
6
6
5
5
5
6
6
6
4
4
4
3
4
3
3
3
3
3
1
1
1
2
2
2
2
1
1
0
-1
0
-1
0
-1
0
-1
0
-2
-2
-2
-2
-2
-1
-1
-3
-2
-3
-3
-2
-3
-2
-2
-2
-2
-3
-3
-4
-3
-3
-3
-2
-3
-3
-4
-4
-3
-2
-3
-3
-3
-4
-3
-3
-4
-4
-3
-2
-2
-3
-3
-3
-3
-3
-2
-2
-2
-1
-2
-1
-2
-2
-2
-1
-2
-2
-1
0
-1
0
-2
-1
-1
0
0
-1
0
1
0
0
1
0
1
1
1
1
1
1
1
1
2
1
2
2
1
2
1
2
2
2
2
2
2
2
2
2
3
2
3
2
2
2
2
2
2
2
2
1
2
2
2
2
1
2
2
1
1
1
1
2
2
1
1
1
1
1
1
1
1
1
2
0
0
0
1
1
1
1
0
2
0
1
1
0
1
0
1
1
1
1
1
1
1
2
2
2
1
1
1
1
1
1
2
2
3
2
2
2
1
1
3
2
2
3
3
1
2
2
3
2
3
3
2
3
2
2
1
2
2
2
2
2
1
0
1
1
0
0
0
-1
-2
-2
-2
-2
-2
-1
0
1
0
0
-1
-1
-2
-2
-2
-3
-4
-4
-5
-4
-6
-4
-4
-4
-4
-5
-4
-5
-6
-7
-6
-8
-7
-7
-7
-8
-8
-9
-9
-8
-8
-9
-8
-9
-9
-8
-8
-8
-7
-5
-5
-5
-5
-5
-5
-6
-5
-4
-4
-3
-2
-1
1
3
4
6
8
8
7
6
4
0
-3
-6
-8
-10
-11
-12
-11
-9
-4
1
6
12
17
22
25
28
28
29
28
27
24
21
18
15
13
11
10
9
9
9
9
9
8
6
6
6
5
5
5
5
6
7
10
11
15
19
20
21
23
22
20
19
15
12
10
6
2
-1
-4
-7
-9
-9
-8
-8
-7
-7
-7
-7
-8
-10
-12
-16
-20
-24
-29
-34
-39
-41
-42
-42
-39
-35
-28
-20
-10
-1
9
19
26
31
33
31
25
17
5
-10
-25
-41
-56
-69
-80
-85
-87
-84
-77
-66
-51
-35
-18
0
15
30
43
52
60
63
63
61
58
52
44
36
27
19
10
1
-8
-15
-22
-27
-31
-34
-34
-31
-27
-21
-12
-2
9
21
33
44
54
62
68
74
75
77
76
73
68
62
55
48
38
28
18
9
-2
-12
-22
-29
-36
-41
-43
-43
-42
-38
-32
-25
-19
-12
-4
2
8
12
16
18
21
24
28
32
36
39
40
40
36
29
17
0
-21
-44
-70
-96
-120
-141
-155
-163
-163
-152
-133
-106
-73
-34
5
44
79
109
130
142
143
134
115
89
56
20
-17
-52
-84
-109
-127
-139
-141
-136
-124
-108
-87
-65
-42
-20
1
20
38
53
67
81
93
105
116
124
132
134
132
125
113
94
69
41
11
-21
-47
-71
-89
-99
-101
-93
-80
-61
-37
-12
12
34
51
65
73
78
81
84
88
92
100
109
119
127
134
135
129
116
94
63
26
-15
-57
-96
-131
-157
-175
-184
-183
-175
-163
-148
-133
-118
-105
-93
-80
-63
-42
-11
28
80
140
204
268
325
367
384
375
332
254
147
13
-136
-290
-435
-557
-646
-692
-688
-636
-537
-402
-239
-66
107
262
389
478
526
531
499
433
346
244
141
44
-41
-108
-158
-190
-209
-217
-221
-220
-220
-221
-218
-211
-200
-179
-146
-101
-43
22
92
161
222
269
299
310
300
269
224
168
109
52
3
-35
-59
-69
-67
-57
-44
-29
-21
-18
-25
-38
-56
-75
-91
-98
-95
-81
-55
-17
26
72
115
149
171
179
173
152
123
89
54
24
4
-4
2
20
48
79
110
133
145
143
122
85
30
-36
-111
-188
-261
-324
-373
-404
-413
-399
-362
-301
-221
-121
-8
112
238
357
465
555
617
645
634
581
486
351
183
-11
-215
-417
-603
-757
-866
-920
-914
-848
-728
-560
-359
-140
79
283
458
591
676
711
699
644
556
447
323
197
76
-34
-131
-213
-282
-339
-387
-427
-457
-476
-483
-471
-440
-384
-301
-194
-65
74
220
359
479
571
626
637
604
530
422
291
148
6
-122
-224
-294
-327
-326
-294
-242
-178
-109
-47
3
35
49
48
36
22
10
7
16
40
75
120
168
212
241
252
241
209
159
95
25
-42
-96
-126
-128
-100
-47
28
113
199
274
325
340
317
251
147
15
-135
-292
-440
-565
-655
-698
-692
-638
-540
-406
-245
-70
108
277
426
548
638
698
724
715
675
602
500
376
224
52
-138
-338
-540
-733
-901
-1033
-1118
-1145
-1105
-994
-815
-579
-300
2
304
584
821
997
1097
1115
1053
921
735
512
271
33
-185
-371
-512
-607
-660
-677
-668
-636
-588
-529
-464
-390
-309
-213
-101
27
167
310
447
568
661
717
726
685
593
461
301
133
-29
-170
-275
-338
-352
-321
-253
-164
-70
14
75
108
109
78
21
-49
-117
-172
-197
-192
-154
-88
1
104
206
294
355
381
373
333
269
188
103
26
-37
-72
-75
-52
-5
55
118
172
210
221
199
140
47
-72
-204
-340
-466
-574
-648
-681
-665
-601
-494
-351
-185
-7
173
340
482
588
654
678
664
620
548
455
348
232
114
-4
-121
-242
-371
-502
-634
-759
-867
-952
-998
-995
-929
-795
-593
-333
-33
285
596
874
1093
1228
1269
1205
1047
813
528
221
-82
-354
-572
-720
-790
-791
-739
-649
-541
-431
-330
-251
-194
-156
-124
-84
-25
60
176
315
466
612
735
820
849
809
700
531
322
97
-118
-304
-439
-508
-504
-433
-318
-179
-40
76
152
177
147
73
-26
-131
-217
-263
-252
-180
-53
109
288
458
599
682
688
614
468
276
59
-159
-351
-489
-551
-532
-433
-278
-83
124
315
463
546
553
486
348
153
-77
-316
-534
-710
-833
-892
-881
-796
-649
-460
-253
-44
153
324
457
536
563
545
496
425
341
256
185
133
98
73
52
24
-22
-100
-224
-389
-580
-780
-972
-1133
-1236
-1248
-1147
-932
-619
-230
209
656
1068
1389
1583
1628
1521
1272
908
469
11
-411
-751
-981
-1080
-1048
-896
-668
-410
-171
15
129
154
91
-40
-194
-321
-380
-348
-211
27
351
716
1066
1341
1494
1494
1329
1005
555
37
-477
-922
-1242
-1400
-1372
-1161
-799
-353
109
522
838
1019
1039
900
638
310
-24
-311
-513
-599
-556
-396
-158
107
353
538
632
617
491
281
29
-217
-420
-551
-586
-511
-335
-88
183
437
644
780
820
755
589
351
77
-207
-477
-708
-880
-977
-1003
-968
-881
-752
-589
-409
-230
-60
97
242
366
458
513
538
543
531
500
452
399
353
315
274
223
152
58
-68
-235
-449
-693
-944
-1174
-1357
-1462
-1460
-1323
-1048
-656
-179
340
858
1317
1657
1829
1817
1629
1291
838
321
-192
-636
-955
-1123
-1141
-1021
-794
-504
-210
30
176
219
161
20
-169
-357
-488
-514
-417
-197
123
511
919
1280
1529
1615
1524
1262
859
356
-185
-685
-1068
-1282
-1314
-1164
-857
-436
27
455
779
959
979
842
568
207
-172
-498
-718
-802
-741
-544
-239
123
475
753
914
938
829
601
286
-61
-380
-613
-732
-726
-608
-392
-110
185
441
620
706
702
610
439
214
-24
-241
-426
-577
-696
-773
-808
-811
-802
-777
-725
-636
-505
-341
-150
65
288
499
667
769
798
754
651
506
341
182
61
-5
-20
-5
10
4
-48
-174
-388
-682
-1015
-1326
-1566
-1696
-1675
-1466
-1062
-503
139
790
1381
1844
2113
2140
1926
1514
969
362
-232
-735
-1078
-1223
-1177
-977
-678
-341
-30
190
280
227
53
-195
-455
-665
-775
-747
-558
-214
243
742
1208
1583
1821
1876
1723
1376
891
346
-193
-672
-1033
-1218
-1205
-1016
-712
-347
26
351
566
628
534
325
48
-248
-512
-690
-730
-616
-368
-26
357
722
1012
1179
1188
1031
729
330
-99
-498
-813
-1003
-1040
-914
-657
-327
12
315
547
671
662
533
333
118
-77
-235
-332
-348
-284
-183
-98
-61
-78
-150
-281
-462
-653
-799
-859
-820
-680
-450
-147
186
498
742
889
924
853
696
491
278
93
-32
-82
-68
-21
14
7
-66
-219
-463
-775
-1095
-1351
-1491
-1483
-1311
-968
-473
108
681
1166
1509
1673
1635
1397
1004
536
74
-320
-592
-714
-670
-487
-221
54
273
384
359
194
-84
-422
-754
-1009
-1121
-1052
-805
-415
73
600
1096
1479
1691
1714
1571
1290
905
468
49
-283
-502
-612
-622
-540
-385
-207
-65
10
19
-29
-130
-273
-421
-523
-544
-475
-329
-113
155
439
697
887
989
990
884
677
395
72
-249
-536
-752
-868
-874
-777
-595
-358
-96
147
334
442
469
418
304
149
-9
-126
-181
-168
-98
9
122
201
208
124
-54
-310
-611
-909
-1144
-1273
-1265
-1108
-803
-374
117
592
988
1260
1374
1309
1069
707
303
-74
-384
-595
-667
-588
-391
-155
48
176
211
126
-96
-424
-776
-1066
-1236
-1273
-1163
-900
-505
-43
408
786
1067
1239
1288
1208
1021
779
534
318
138
-1
-93
-136
-149
-172
-234
-334
-442
-538
-615
-672
-687
-628
-486
-289
-76
138
359
577
762
884
955
1003
1040
1042
979
858
696
500
248
-63
-391
-681
-898
-1040
-1107
-1083
-955
-740
-473
-193
81
335
545
686
742
727
658
554
427
294
163
39
-74
-179
-279
-372
-452
-502
-508
-472
-398
-291
-154
6
170
302
387
419
405
345
246
129
31
-24
-27
5
46
76
71
7
-133
-346
-606
-869
-1084
-1209
-1217
-1083
-799
-385
110
601
1010
1286
1398
1329
1076
677
221
-194
-498
-667
-684
-536
-238
136
476
690
738
610
299
-183
-763
-1314
-1710
-1885
-1832
-1558
-1079
-442
248
866
1330
1617
1736
1682
1456
1100
700
339
61
-137
-258
-295
-253
-172
-121
-145
-239
-369
-514
-666
-815
-910
-897
-759
-532
-253
67
425
796
1119
1341
1457
1491
1451
1307
1037
668
257
-154
-551
-912
-1184
-1307
-1260
-1080
-816
-505
-168
155
417
579
644
639
580
474
326
162
18
-86
-149
-186
-207
-215
-220
-233
-261
-301
-336
-344
-310
-233
-123
14
169
334
485
588
623
582
471
301
88
-136
-325
-443
-473
-435
-354
-261
-181
-141
-169
-271
-427
-595
-732
-807
-799
-685
-453
-117
273
636
907
1045
1038
886
608
256
-81
-319
-417
-383
-234
13
327
633
831
849
675
327
-163
-761
-1375
-1869
-2119
-2076
-1776
-1281
-653
37
681
1171
1452
1551
1524
1411
1219
973
726
538
417
330
244
156
72
-28
-187
-427
-709
-966
-1151
-1256
-1285
-1220
-1031
-726
-347
40
415
778
1118
1385
1528
1532
1429
1248
992
659
273
-99
-406
-631
-783
-851
-812
-668
-463
-263
-112
-9
50
65
34
-21
-63
-66
-35
5
39
66
95
117
117
88
28
-48
-133
-221
-301
-356
-364
-308
-191
-30
155
352
548
712
805
793
674
461
176
-153
-480
-735
-863
-845
-706
-491
-242
-5
170
240
182
18
-205
-440
-648
-784
-806
-679
-406
-38
352
692
933
1039
998
815
540
251
25
-102
-139
-102
4
165
330
424
393
233
-33
-391
-821
-1267
-1618
-1764
-1669
-1378
-957
-457
74
562
923
1128
1225
1285
1334
1339
1276
1152
996
806
554
236
-102
-402
-645
-857
-1066
-1248
-1349
-1345
-1257
-1117
-930
-675
-350
5
339
634
912
1180
1403
1521
1510
1402
1225
980
656
276
-90
-380
-585
-731
-835
-872
-826
-725
-624
-545
-469
-358
-206
-40
123
278
421
519
536
459
319
170
49
-37
-98
-137
-152
-151
-157
-193
-257
-316
-328
-269
-150
16
228
474
713
871
898
787
565
262
-97
-463
-747
-873
-824
-651
-420
-181
33
183
216
116
-87
-323
-535
-694
-773
-732
-546
-230
146
496
766
936
997
930
737
462
191
-2
-103
-141
-136
-77
44
186
280
276
176
-4
-270
-631
-1033
-1358
-1496
-1429
-1218
-934
-596
-228
126
401
590
758
977
1236
1456
1563
1540
1403
1150
775
318
-134
-493
-738
-921
-1089
-1243
-1342
-1370
-1349
-1296
-1190
-982
-652
-233
208
634
1034
1384
1632
1726
1662
1497
1279
1026
720
379
57
-205
-419
-627
-843
-1030
-1140
-1163
-1117
-1008
-821
-541
-195
156
449
658
772
780
680
494
291
138
64
47
37
1
-67
-161
-278
-413
-534
-581
-505
-301
-14
314
640
932
1130
1175
1048
782
435
48
-354
-722
-975
-1050
-952
-740
-484
-224
11
177
227
149
-18
-211
-389
-530
-597
-543
-339
-14
348
658
869
965
936
769
487
156
-124
-282
-318
-266
-151
15
210
379
454
409
267
43
-271
-677
-1105
-1437
-1578
-1527
-1351
-1098
-778
-395
7
374
698
1020
1360
1653
1804
1756
1534
1193
780
325
-105
-427
-603
-681
-764
-923
-1147
-1375
-1557
-1662
-1659
-1498
-1138
-602
21
633
1163
1577
1846
1937
1851
1636
1378
1133
886
606
284
-50
-361
-649
-923
-1160
-1302
-1309
-1195
-1002
-765
-495
-206
65
279
421
509
563
579
542
459
363
286
231
165
61
-86
-246
-387
-492
-539
-513
-387
-164
121
414
672
877
1013
1050
957
738
433
84
-284
-649
-965
-1149
-1148
-977
-694
-370
-53
211
370
386
273
94
-83
-222
-305
-306
-200
8
258
463
561
552
463
317
134
-51
-183
-217
-156
-50
59
164
281
402
491
510
453
326
114
-211
-638
-1076
-1399
-1537
-1501
-1355
-1135
-846
-506
-157
178
518
893
1266
1546
1642
1541
1310
1017
706
412
176
27
-68
-207
-471
-862
-1297
-1669
-1896
-1931
-1747
-1348
-785
-159
414
861
1172
1361
1449
1445
1367
1252
1122
977
783
520
212
-90
-344
-537
-680
-773
-808
-793
-754
-711
-665
-590
-467
-303
-122
62
241
396
495
503
422
284
137
9
-95
-179
-233
-252
-229
-170
-85
31
180
352
524
660
750
795
789
709
535
271
-45
-371
-678
-940
-1111
-1140
-1005
-736
-404
-70
217
418
498
451
315
161
34
-45
-81
-72
-10
83
166
200
179
135
97
68
46
34
40
64
84
86
87
122
207
324
417
443
379
211
-66
-437
-834
-1156
-1328
-1340
-1240
-1089
-908
-694
-442
-147
199
598
1012
1352
1518
1475
1269
997
747
552
417
317
199
-5
-340
-791
-1258
-1620
-1778
-1701
-1424
-1021
-571
-161
162
392
566
738
934
1134
1283
1328
1244
1048
783
498
245
67
-16
-24
-21
-72
-204
-401
-603
-765
-852
-843
-733
-543
-324
-133
-2
75
116
130
114
66
19
-8
-9
-7
-19
-34
-27
17
88
183
297
434
582
702
774
792
766
698
567
358
81
-234
-553
-844
-1075
-1196
-1166
-976
-669
-327
-30
174
262
245
158
60
7
29
111
209
283
315
312
287
252
223
214
221
226
188
82
-81
-247
-349
-336
-199
34
296
505
572
452
173
-176
-478
-670
-743
-749
-748
-787
-886
-1019
-1100
-1020
-708
-206
350
792
1020
1030
892
724
647
728
946
1164
1209
973
481
-127
-677
-1045
-1174
-1095
-900
-719
-663
-743
-863
-880
-697
-303
219
735
1114
1259
1154
873
556
343
301
398
545
637
611
455
204
-69
-289
-414
-439
-417
-399
-419
-464
-497
-480
-393
-254
-104
0
9
-77
-224
-356
-414
-369
-236
-76
57
132
160
188
255
392
590
817
1018
1135
1135
1016
813
555
262
-55
-383
-688
-941
-1125
-1218
-1199
-1056
-816
-554
-338
-196
-116
-70
-36
-4
64
175
308
409
447
447
451
481
517
529
501
422
276
44
-236
-469
-556
-450
-202
96
350
483
452
251
-52
-331
-482
-486
-436
-438
-561
-782
-1029
-1210
-1233
-1040
-646
-158
256
482
519
471
473
603
860
1167
1407
1451
1230
778
239
-199
-420
-427
-331
-276
-363
-609
-935
-1204
-1278
-1077
-637
-88
400
696
761
659
510
426
466
602
760
853
821
662
428
213
96
96
147
161
73
-115
-337
-525
-610
-560
-394
-177
-28
-24
-165
-378
-558
-643
-626
-527
-389
-269
-210
-214
-228
-171
2
270
572
850
1064
1210
1278
1277
1221
1114
956
707
353
-66
-487
-840
-1092
-1235
-1278
-1239
-1145
-1036
-935
-829
-700
-538
-362
-198
-60
64
184
301
423
560
714
857
947
934
808
588
318
49
-169
-280
-259
-125
52
182
209
121
-41
-219
-353
-406
-391
-356
-374
-496
-710
-942
-1096
-1103
-960
-731
-496
-324
-234
-183
-97
104
448
886
1289
1518
1494
1240
875
540
334
279
316
335
230
-55
-471
-878
-1119
-1113
-891
-563
-256
-53
21
-2
-41
0
166
422
665
788
756
612
436
302
255
306
411
489
460
296
43
-198
-342
-367
-299
-192
-107
-81
-128
-231
-342
-422
-456
-468
-489
-525
-560
-557
-495
-376
-213
-27
151
312
453
594
763
963
1170
1324
1365
1270
1047
741
406
88
-190
-426
-641
-852
-1048
-1208
-1278
-1238
-1096
-899
-711
-578
-513
-498
-496
-457
-335
-113
192
521
801
986
1058
1020
888
700
515
382
315
290
263
212
138
46
-64
-171
-250
-284
-293
-331
-442
-621
-816
-970
-1049
-1038
-944
-810
-691
-641
-664
-676
-576
-312
96
546
924
1145
1175
1046
842
685
657
738
848
862
709
413
52
-271
-471
-519
-443
-322
-256
-291
-405
-503
-490
-328
-62
225
442
533
491
373
255
218
286
413
522
549
485
353
210
96
23
-5
-24
-61
-132
-226
-296
-319
-287
-231
-206
-244
-356
-509
-646
-714
-674
-541
-357
-177
-51
12
51
124
265
480
734
965
1130
1201
1172
1067
916
752
577
376
125
-179
-506
-815
-1058
-1206
-1246
-1184
-1055
-915
-815
-778
-792
-810
-787
-692
-499
-215
132
485
771
946
1007
995
954
914
886
859
811
709
532
301
74
-75
-115
-92
-78
-135
-293
-529
-792
-1014
-1124
-1098
-983
-877
-855
-929
-1034
-1079
-986
-731
-345
91
475
713
786
760
735
786
928
1091
1199
1191
1048
800
523
292
157
114
90
18
-131
-334
-515
-619
-616
-512
-351
-186
-66
-11
4
22
81
180
281
341
347
314
269
243
247
282
315
304
215
51
-133
-268
-311
-267
-177
-100
-82
-137
-254
-395
-502
-540
-508
-441
-380
-342
-314
-265
-173
-34
142
333
514
650
729
771
807
865
930
958
915
784
566
281
-41
-352
-615
-807
-935
-1029
-1081
-1095
-1064
-1004
-949
-903
-860
-798
-701
-555
-348
-87
196
448
635
753
838
910
978
1024
1031
978
848
657
441
271
188
175
182
127
-23
-259
-538
-792
-962
-1013
-976
-925
-948
-1062
-1209
-1299
-1248
-1044
-727
-368
-52
154
245
283
363
543
803
1064
1232
1268
1178
1011
834
721
695
726
733
636
423
152
-89
-238
-266
-198
-102
-36
-42
-113
-189
-211
-151
-37
74
129
103
23
-61
-100
-65
21
94
104
28
-112
-261
-363
-375
-300
-174
-67
-26
-51
-112
-159
-167
-146
-118
-110
-147
-217
-285
-295
-208
-31
179
351
441
458
446
449
500
605
723
805
789
660
447
207
-6
-169
-298
-424
-571
-750
-941
-1093
-1167
-1153
-1068
-963
-876
-821
-789
-745
-632
-426
-139
173
441
635
768
863
939
1003
1042
1054
1008
884
704
522
415
393
405
374
256
58
-185
-438
-654
-782
-815
-798
-815
-936
-1124
-1292
-1361
-1295
-1120
-879
-623
-414
-282
-211
-129
45
320
630
883
1017
1036
990
925
891
916
987
1047
1030
892
664
430
258
178
167
178
170
118
24
-79
-148
-154
-105
-45
-20
-54
-130
-215
-264
-251
-194
-133
-119
-171
-275
-386
-455
-466
-417
-327
-249
-202
-190
-191
-157
-75
24
89
91
26
-80
-178
-222
-178
-49
135
297
388
409
391
388
438
535
647
724
723
640
494
335
204
112
40
-45
-198
-431
-709
-972
-1139
-1191
-1162
-1087
-1023
-981
-954
-937
-877
-729
-481
-173
118
334
482
608
736
868
981
1064
1107
1077
963
782
609
532
544
580
556
425
212
-43
-308
-530
-663
-695
-677
-701
-831
-1042
-1239
-1345
-1331
-1217
-1044
-857
-701
-605
-556
-485
-312
-39
283
576
769
863
890
892
920
1000
1118
1221
1245
1166
999
803
647
563
552
568
548
461
313
159
46
-8
-8
8
9
-36
-142
-280
-397
-445
-423
-383
-385
-451
-557
-673
-766
-810
-786
-694
-564
-456
-392
-358
-303
-199
-66
60
151
199
204
181
156
174
261
400
536
618
634
611
581
570
584
605
619
597
517
401
275
168
87
11
-83
-230
-431
-670
-904
-1076
-1162
-1174
-1157
-1149
-1155
-1163
-1144
-1063
-892
-629
-313
-11
217
366
487
623
793
974
1129
1224
1234
1150
999
838
746
739
771
761
649
428
150
-131
-360
-498
-540
-531
-549
-656
-862
-1101
-1272
-1328
-1261
-1120
-970
-856
-802
-783
-752
-647
-442
-166
116
332
452
505
545
626
761
930
1088
1183
1189
1107
967
838
768
765
792
786
709
569
414
287
214
195
204
204
155
37
-122
-265
-341
-342
-322
-341
-423
-573
-747
-902
-1005
-1013
-937
-820
-710
-649
-622
-588
-510
-381
-225
-78
32
79
76
60
81
186
365
565
733
818
819
769
706
671
680
716
740
714
629
502
373
256
166
82
-17
-151
-340
-564
-790
-969
-1078
-1132
-1160
-1183
-1204
-1210
-1182
-1101
-944
-713
-436
-165
66
247
411
580
753
913
1030
1099
1114
1077
1008
934
885
868
843
762
606
387
149
-61
-229
-349
-420
-476
-556
-694
-883
-1070
-1186
-1206
-1150
-1060
-974
-910
-863
-825
-757
-627
-428
-192
26
180
274
344
429
555
718
891
1040
1129
1128
1057
966
898
878
892
898
865
778
652
517
419
379
383
388
348
246
95
-64
-186
-251
-265
-269
-311
-431
-617
-816
-977
-1052
-1044
-988
-916
-863
-842
-833
-807
-717
-565
-380
-221
-130
-102
-97
-56
58
249
485
706
845
876
813
722
672
693
772
856
888
829
698
534
379
278
223
180
110
-32
-249
-504
-735
-895
-967
-983
-993
-1020
-1075
-1135
-1166
-1128
-998
-777
-507
-254
-53
103
240
392
562
736
895
1022
1092
1093
1042
970
913
878
834
745
607
424
222
29
-134
-249
-323
-386
-479
-624
-794
-951
-1048
-1072
-1037
-969
-900
-853
-828
-802
-737
-610
-431
-241
-75
41
110
161
227
341
499
672
815
890
897
859
809
779
786
815
841
832
772
673
581
525
510
511
496
450
362
244
122
23
-39
-77
-130
-234
-392
-572
-741
-866
-935
-958
-956
-949
-956
-976
-980
-940
-844
-717
-592
-495
-437
-388
-319
-201
-20
201
424
593
681
703
698
707
761
851
936
987
971
889
775
666
587
539
493
409
263
63
-168
-384
-550
-659
-724
-782
-859
-962
-1076
-1165
-1185
-1118
-983
-798
-608
-440
-284
-138
11
179
362
556
728
857
940
977
991
993
964
914
845
750
627
466
281
103
-46
-165
-276
-385
-494
-602
-716
-834
-937
-995
-995
-961
-912
-857
-800
-723
-635
-545
-436
-303
-161
-31
71
151
230
325
431
537
646
739
801
823
810
788
785
797
817
829
819
785
728
649
574
518
477
443
394
331
252
167
75
-21
-105
-193
-290
-409
-554
-702
-832
-931
-994
-1017
-1014
-1005
-988
-979
-963
-921
-855
-760
-645
-518
-382
-245
-97
59
225
392
538
660
755
828
879
910
936
965
991
996
966
896
806
692
558
412
259
123
-7
-144
-293
-448
-593
-718
-836
-940
-1021
-1073
-1084
-1073
-1035
-957
-836
-675
-496
-312
-135
33
194
350
518
690
851
980
1050
1050
994
902
804
724
660
589
483
324
134
-59
-226
-357
-445
-500
-561
-649
-776
-915
-1005
-1015
-947
-830
-709
-612
-557
-538
-524
-476
-368
-201
-24
112
195
234
262
319
413
542
674
764
787
750
688
647
653
705
774
815
795
713
598
500
449
443
458
460
414
323
191
50
-52
-112
-151
-224
-352
-530
-722
-880
-979
-1016
-998
-964
-953
-988
-1049
-1081
-1053
-946
-785
-618
-465
-340
-237
-132
2
186
398
599
755
843
873
887
916
974
1060
1132
1150
1095
969
802
633
489
379
289
186
45
-143
-354
-550
-703
-804
-867
-909
-951
-1000
-1052
-1076
-1042
-934
-762
-569
-385
-229
-103
13
146
319
523
732
888
962
955
890
812
749
717
710
685
597
432
213
-3
-167
-266
-317
-353
-415
-537
-713
-898
-1022
-1031
-931
-785
-655
-578
-569
-594
-608
-565
-431
-234
-36
97
145
148
153
203
323
482
644
757
777
721
645
609
646
743
851
918
906
814
680
556
494
499
530
536
487
371
211
48
-78
-150
-193
-245
-355
-518
-698
-862
-973
-1021
-1013
-976
-954
-972
-1022
-1059
-1046
-968
-839
-693
-541
-398
-280
-169
-44
120
328
529
698
820
900
959
1002
1034
1066
1102
1116
1077
983
854
708
570
438
301
174
53
-83
-241
-411
-574
-709
-811
-889
-942
-971
-980
-974
-955
-910
-824
-699
-544
-383
-221
-66
67
191
318
456
609
751
857
913
918
877
806
732
671
623
564
462
313
135
-47
-205
-328
-417
-480
-534
-614
-718
-816
-871
-861
-791
-691
-601
-539
-515
-524
-531
-495
-391
-236
-69
68
147
183
202
230
304
419
555
676
739
748
722
698
705
752
823
880
887
828
719
592
495
443
420
414
379
293
153
-25
-192
-316
-396
-453
-522
-623
-753
-890
-1009
-1080
-1090
-1054
-996
-960
-955
-963
-953
-890
-764
-594
-399
-215
-60
68
181
305
464
647
830
982
1067
1092
1083
1061
1048
1041
1023
981
892
751
580
406
257
153
66
-39
-176
-347
-532
-703
-839
-922
-949
-941
-923
-921
-919
-894
-832
-721
-581
-424
-263
-120
6
124
246
388
533
659
750
798
811
796
760
718
675
621
544
439
313
185
60
-63
-185
-301
-403
-490
-563
-618
-646
-651
-649
-651
-662
-668
-657
-619
-567
-501
-429
-357
-289
-226
-161
-79
19
125
224
307
375
433
489
557
634
713
784
832
851
846
825
790
766
745
721
686
622
535
436
338
233
130
34
-63
-164
-284
-418
-556
-671
-760
-835
-889
-928
-956
-981
-1007
-1030
-1029
-985
-911
-812
-699
-589
-476
-365
-256
-123
35
217
406
577
714
809
873
915
954
1002
1042
1062
1045
980
882
769
656
559
476
390
277
121
-67
-260
-426
-550
-632
-689
-737
-789
-852
-915
-945
-920
-845
-735
-623
-522
-439
-358
-261
-138
18
187
337
452
518
552
580
612
660
710
738
721
649
542
427
323
247
183
119
41
-63
-187
-309
-400
-442
-452
-457
-478
-525
-582
-630
-657
-644
-590
-510
-436
-392
-382
-378
-346
-276
-170
-45
86
196
268
316
357
417
511
621
716
785
820
817
799
776
767
773
768
740
677
582
474
369
267
179
100
11
-101
-238
-385
-518
-627
-714
-783
-844
-894
-948
-1002
-1038
-1051
-1025
-967
-899
-829
-750
-656
-550
-420
-264
-90
95
274
426
551
656
748
832
910
974
1019
1043
1036
999
949
884
810
730
639
523
387
236
76
-72
-204
-324
-430
-528
-616
-694
-769
-833
-869
-874
-850
-806
-746
-679
-599
-511
-427
-335
-233
-118
7
126
232
321
398
459
503
541
565
583
594
577
538
482
414
352
299
250
206
157
93
17
-68
-152
-219
-266
-292
-314
-345
-388
-438
-484
-518
-531
-531
-509
-476
-448
-416
-384
-338
-269
-190
-104
-19
63
139
211
286
366
448
534
608
658
688
707
715
713
716
709
690
659
600
533
456
370
284
188
88
-17
-126
-239
-354
-454
-539
-620
-695
-765
-826
-877
-914
-937
-946
-925
-876
-815
-734
-639
-527
-394
-261
-130
2
127
251
362
466
568
660
746
815
857
881
891
884
854
813
757
687
601
501
394
283
171
65
-48
-158
-259
-361
-461
-545
-609
-649
-672
-686
-690
-687
-681
-662
-627
-574
-488
-386
-288
-195
-113
-38
33
107
185
266
345
409
447
465
470
482
497
511
523
519
491
438
375
312
263
233
199
160
95
7
-90
-192
-271
-329
-372
-412
-465
-522
-573
-610
-617
-596
-552
-495
-449
-411
-378
-329
-245
-138
-21
94
195
272
329
379
437
512
596
667
707
711
696
669
648
633
616
590
540
452
340
220
110
24
-46
-117
-197
-298
-414
-531
-636
-718
-769
-793
-809
-820
-828
-825
-802
-746
-660
-558
-449
-343
-245
-159
-68
33
141
266
384
487
569
624
670
701
723
748
761
762
745
704
644
573
500
426
347
271
186
93
-9
-112
-207
-295
-362
-421
-482
-536
-597
-654
-698
-725
-720
-692
-651
-609
-568
-532
-492
-441
-374
-285
-184
-84
3
72
132
196
271
356
445
527
586
613
620
615
618
634
649
659
641
583
502
401
300
220
151
86
14
-83
-189
-299
-398
-462
-498
-515
-524
-544
-574
-597
-608
-587
-534
-456
-372
-299
-241
-199
-153
-92
-15
76
165
245
303
343
369
392
425
460
489
505
498
476
442
402
363
330
300
261
209
138
55
-32
-116
-190
-252
-301
-339
-370
-405
-432
-450
-463
-461
-443
-416
-383
-344
-308
-273
-231
-184
-128
-62
8
76
132
177
209
241
274
312
355
392
421
431
424
408
384
369
359
342
317
279
222
153
83
12
-49
-100
-157
-222
-293
-367
-429
-476
-506
-516
-516
-522
-529
-534
-531
-506
-456
-390
-318
-243
-173
-113
-52
21
107
201
294
373
432
480
521
558
595
632
664
669
647
601
538
476
415
356
295
226
146
52
-48
-141
-216
-271
-319
-364
-410
-458
-497
-529
-542
-531
-502
-465
-434
-411
-387
-364
-327
-274
-214
-142
-73
-12
31
69
111
153
201
251
294
330
351
362
370
373
382
389
381
361
327
279
223
171
125
90
59
24
-13
-56
-100
-139
-175
-201
-222
-236
-252
-274
-288
-296
-296
-286
-274
-257
-241
-224
-204
-186
-154
-112
-67
-20
22
60
99
135
175
214
249
286
311
320
327
325
319
313
295
268
235
187
136
84
29
-16
-58
-104
-151
-197
-244
-284
-313
-331
-341
-349
-350
-350
-347
-328
-305
-269
-227
-186
-142
-102
-63
-15
41
98
152
205
243
272
296
312
332
347
351
353
338
312
288
261
237
218
199
176
140
99
59
22
-5
-27
-48
-64
-90
-118
-145
-174
-193
-205
-214
-229
-242
-256
-265
-267
-265
-258
-244
-233
-225
-217
-205
-181
-147
-107
-64
-27
6
36
60
83
111
140
166
184
195
202
205
214
223
234
244
244
233
213
188
164
146
128
111
92
67
31
-5
-41
-73
-98
-119
-136
-158
-174
-183
-200
-206
-200
-194
-180
-163
-147
-129
-107
-88
-69
-50
-28
-2
22
46
64
77
84
86
85
82
92
100
106
108
103
92
78
65
58
56
58
56
46
28
9
-5
-12
-11
-8
-7
-9
-26
-47
-57
-63
-57
-42
-32
-29
-36
-51
-65
-74
-72
-58
-46
-40
-45
-54
-59
-57
-42
-16
18
47
62
69
77
85
106
138
167
190
200
194
174
156
143
137
138
129
111
80
35
-10
-51
-82
-103
-118
-140
-169
-200
-232
-253
-263
-258
-248
-238
-234
-239
-243
-240
-225
-195
-157
-116
-78
-46
-21
5
39
83
129
176
217
243
258
268
273
282
294
300
300
282
255
223
186
157
133
113
90
55
18
-28
-71
-100
-126
-138
-148
-162
-183
-204
-227
-242
-243
-234
-223
-214
-206
-206
-205
-199
-180
-151
-120
-82
-57
-35
-16
4
29
60
97
132
156
174
184
189
198
216
228
237
245
239
220
202
183
168
156
141
123
91
54
15
-27
-59
-82
-107
-130
-155
-191
-222
-244
-256
-258
-242
-221
-206
-192
-177
-162
-137
-97
-56
-11
32
60
80
99
115
142
176
205
227
235
231
217
197
187
181
177
170
154
121
82
44
4
-24
-42
-65
-89
-118
-154
-189
-215
-230
-237
-236
-233
-236
-236
-234
-226
-204
-173
-136
-100
-71
-46
-21
0
29
62
91
116
138
152
159
169
184
193
201
209
205
195
186
174
170
164
151
140
119
90
65
40
17
-3
-24
-44
-72
-103
-128
-152
-169
-182
-190
-198
-210
-217
-223
-224
-215
-200
-183
-167
-149
-131
-112
-86
-57
-23
14
45
77
105
131
154
179
204
219
236
248
246
246
241
232
220
206
185
158
132
97
62
28
-5
-41
-67
-92
-119
-137
-153
-171
-181
-191
-195
-194
-194
-182
-172
-165
-153
-137
-123
-104
-77
-54
-32
-9
9
24
42
60
83
104
120
134
138
134
133
129
128
132
129
123
114
93
71
53
36
19
9
-2
-22
-40
-56
-73
-83
-83
-81
-81
-85
-88
-95
-104
-102
-96
-88
-78
-69
-68
-66
-67
-61
-52
-39
-21
-6
5
14
20
29
44
58
78
94
102
107
109
107
106
110
112
112
108
99
80
61
42
24
10
-1
-14
-29
-48
-69
-88
-103
-114
-118
-117
-119
-120
-119
-121
-118
-109
-97
-77
-58
-37
-23
-12
2
15
32
54
77
97
115
126
128
127
129
128
129
129
127
119
103
85
69
53
43
37
27
15
1
-19
-35
-52
-60
-63
-69
-71
-81
-91
-102
-111
-112
-110
-104
-97
-92
-93
-92
-87
-79
-68
-53
-38
-29
-20
-12
-4
9
24
44
56
62
68
67
66
74
81
89
100
100
97
91
85
85
87
88
88
84
71
53
39
29
16
12
3
-16
-34
-59
-80
-96
-104
-106
-109
-112
-122
-128
-132
-132
-121
-106
-90
-78
-68
-61
-56
-40
-25
-5
16
28
36
40
42
46
56
70
78
88
88
82
76
71
71
71
74
74
64
55
43
33
29
27
25
24
14
3
-10
-20
-27
-28
-27
-25
-27
-30
-35
-43
-44
-47
-43
-41
-45
-43
-51
-54
-48
-49
-42
-31
-27
-21
-14
-10
-5
7
18
27
36
43
47
46
48
51
52
52
57
54
48
44
38
31
26
22
20
13
4
-5
-15
-22
-29
-34
-34
-40
-49
-52
-62
-73
-76
-73
-72
-71
-60
-57
-56
-51
-42
-33
-20
-1
16
31
43
55
62
73
85
94
105
110
107
106
97
88
83
80
75
67
59
46
30
14
-1
-10
-23
-35
-41
-56
-71
-82
-94
-103
-110
-113
-116
-121
-121
-122
-122
-115
-109
-97
-83
-74
-59
-46
-35
-21
-8
10
26
42
59
73
83
94
104
112
116
124
130
130
128
130
122
116
113
107
98
87
76
55
37
19
0
-14
-31
-45
-61
-81
-96
-111
-122
-129
-131
-130
-130
-128
-129
-128
-122
-113
-100
-85
-71
-57
-49
-38
-23
-9
10
33
51
65
76
86
93
103
115
125
136
138
135
132
121
111
109
99
84
73
54
32
11
-8
-21
-37
-52
-65
-82
-97
-111
-117
-118
-121
-118
-113
-113
-111
-105
-92
-81
-66
-47
-34
-24
-10
2
18
42
60
78
96
100
106
114
118
127
132
137
136
122
109
96
80
68
55
43
24
0
-24
-47
-68
-86
-95
-104
-118
-132
-146
-155
-164
-164
-154
-146
-138
-127
-117
-108
-94
-73
-50
-25
-1
20
40
55
74
95
114
134
151
163
165
166
168
160
157
157
145
131
118
98
75
54
35
16
-4
-21
-40
-60
-77
-96
-111
-120
-131
-138
-142
-148
-154
-154
-153
-150
-142
-131
-117
-103
-87
-72
-58
-38
-18
3
27
48
67
85
99
113
125
136
147
156
158
158
155
145
138
128
120
110
90
76
56
31
12
-4
-22
-37
-51
-68
-85
-100
-117
-123
-128
-134
-133
-135
-135
-134
-129
-114
-100
-81
-64
-47
-28
-16
-1
24
44
60
82
97
102
107
113
117
118
121
122
113
100
90
72
59
48
32
21
5
-16
-34
-51
-67
-78
-84
-91
-97
-105
-108
-111
-113
-110
-101
-93
-86
-75
-68
-56
-44
-31
-13
1
15
29
40
48
59
70
75
84
89
90
92
91
88
86
84
77
70
67
56
46
40
30
20
10
-1
-13
-28
-39
-45
-57
-68
-74
-81
-91
-95
-96
-99
-98
-94
-90
-85
-80
-70
-60
-49
-35
-22
-8
3
17
28
40
53
63
73
83
89
92
96
98
97
96
94
90
81
75
68
55
45
37
22
9
-2
-15
-28
-38
-49
-58
-65
-73
-77
-77
-79
-78
-69
-69
-64
-55
-49
-38
-28
-16
-5
2
11
18
22
31
35
40
49
44
44
45
38
34
34
33
31
24
19
11
0
-5
-9
-9
-12
-16
-17
-25
-31
-33
-34
-32
-27
-25
-23
-20
-23
-23
-16
-13
-4
4
6
10
10
8
10
13
16
22
23
24
17
14
12
10
13
16
18
18
11
7
3
-1
-1
0
2
-4
-9
-16
-26
-29
-30
-29
-29
-29
-34
-37
-45
-42
-39
-36
-24
-20
-17
-14
-13
-7
-3
7
20
26
30
36
34
34
38
43
48
50
50
44
38
32
27
26
25
22
17
9
-2
-13
-19
-23
-27
-29
-31
-39
-43
-45
-47
-45
-37
-30
-27
-19
-14
-13
-5
5
14
24
32
38
42
42
44
46
45
51
49
45
42
36
27
19
16
11
4
0
-9
-18
-25
-31
-34
-41
-42
-41
-43
-47
-46
-46
-45
-42
-36
-27
-23
-19
-9
-5
-1
9
17
24
34
39
44
47
50
51
52
58
57
55
55
49
42
37
32
29
23
17
12
3
-7
-18
-25
-29
-39
-45
-48
-58
-67
-73
-77
-81
-81
-78
-78
-77
-75
-75
-67
-61
-52
-39
-28
-17
-11
2
10
18
33
43
54
63
65
70
74
72
76
79
76
73
67
60
51
42
34
25
17
7
-7
-19
-30
-43
-51
-58
-66
-70
-75
-81
-82
-83
-81
-74
-68
-62
-51
-43
-35
-25
-10
-1
12
27
36
46
54
62
68
72
80
80
82
83
79
77
69
65
61
51
45
38
28
18
8
-2
-9
-18
-30
-30
-39
-49
-51
-54
-57
-59
-56
-53
-52
-48
-42
-36
-30
-24
-13
-4
5
15
22
31
37
44
52
57
63
67
68
71
70
68
67
67
60
55
52
43
32
23
14
5
-5
-15
-26
-38
-48
-57
-69
-75
-81
-87
-90
-93
-95
-96
-94
-90
-86
-78
-71
-61
-52
-45
-32
-23
-14
-3
8
18
25
33
38
43
48
49
52
55
53
52
45
43
38
31
27
18
13
5
-6
-12
-21
-30
-36
-41
-45
-50
-54
-55
-58
-58
-57
-52
-46
-44
-40
-30
-29
-23
-12
-6
3
10
17
24
27
32
38
41
47
50
52
55
52
52
53
50
50
51
46
43
41
33
26
26
22
15
13
8
2
-3
-9
-8
-9
-15
-11
-10
-14
-14
-10
-7
-5
1
5
10
15
16
19
26
29
33
39
41
42
43
44
45
45
45
42
42
37
30
24
21
15
5
2
-1
-14
-22
-28
-35
-42
-49
-49
-53
-58
-61
-60
-62
-65
-60
-55
-50
-48
-43
-34
-33
-28
-19
-12
-5
-1
4
10
10
11
16
18
19
20
19
18
13
8
7
3
-2
-3
-9
-16
-19
-28
-33
-34
-40
-41
-42
-46
-49
-49
-51
-49
-47
-43
-38
-36
-32
-28
-24
-18
-12
-5
1
7
11
15
20
23
29
32
35
40
43
42
41
44
44
43
46
44
41
40
36
31
28
26
21
17
16
10
2
1
-4
-9
-9
-9
-14
-15
-13
-17
-16
-11
-10
-4
1
2
9
13
14
24
28
32
41
44
48
51
54
55
54
59
60
56
59
51
46
42
34
29
25
17
8
1
-10
-19
-25
-35
-38
-45
-50
-52
-57
-61
-63
-59
-61
-58
-51
-50
-46
-39
-38
-29
-22
-17
-7
0
1
8
14
13
17
23
25
24
27
24
20
19
16
13
9
7
0
-6
-13
-18
-23
-32
-33
-37
-46
-47
-51
-58
-57
-58
-59
-59
-57
-52
-53
-51
-45
-42
-37
-31
-23
-18
-15
-6
-1
4
12
17
24
31
32
39
42
43
48
51
51
52
52
50
48
44
42
39
34
29
23
20
12
6
2
-4
-9
-14
-15
-20
-25
-23
-28
-27
-26
-25
-22
-20
-15
-12
-7
-2
5
11
18
24
28
37
40
46
49
53
58
57
60
61
58
56
54
51
49
40
38
33
24
19
13
7
-1
-6
-10
-17
-23
-25
-27
-33
-36
-34
-37
-36
-36
-36
-32
-33
-30
-26
-25
-22
-17
-14
-11
-8
-6
-2
0
2
5
4
6
7
7
7
5
8
3
1
2
-1
-5
-7
-9
-11
-16
-15
-18
-22
-24
-26
-28
-30
-32
-33
-31
-35
-36
-32
-35
-36
-33
-31
-31
-30
-26
-23
-24
-20
-16
-13
-9
-5
-1
2
4
6
11
13
16
18
20
24
22
22
24
21
22
22
21
20
16
15
13
10
7
5
5
2
-1
-2
-5
-7
-7
-7
-5
-7
-6
-5
-6
-4
-2
0
5
5
8
11
11
16
16
21
22
21
29
27
24
27
30
27
27
31
29
27
28
26
24
25
21
22
23
19
19
16
16
15
13
12
13
10
8
9
8
3
2
4
0
-4
1
-4
-9
-8
-10
-12
-12
-15
-14
-17
-17
-19
-20
-19
-21
-19
-19
-19
-17
-19
-16
-14
-16
-12
-9
-8
-8
-6
-3
-6
-2
0
-1
-1
1
0
-3
-2
-2
-5
-4
-4
-7
-9
-11
-13
-15
-16
-18
-19
-21
-22
-23
-26
-25
-27
-27
-26
-27
-25
-27
-25
-25
-23
-21
-23
-18
-17
-16
-13
-13
-10
-8
-7
-1
-1
1
5
6
6
9
14
13
14
18
18
18
20
20
21
20
20
21
18
18
16
15
12
11
9
7
6
3
1
0
-1
-5
-1
-5
-5
-2
-4
-3
-1
1
1
5
8
8
16
17
19
23
27
30
33
37
38
39
41
42
43
43
43
41
39
38
32
31
27
23
20
15
10
5
1
-3
-9
-12
-15
-19
-21
-26
-27
-28
-32
-29
-28
-32
-27
-27
-26
-25
-23
-17
-19
-14
-9
-7
-5
-3
3
4
4
10
11
12
12
13
15
14
12
12
10
9
7
2
1
-2
-8
-11
-11
-18
-23
-24
-29
-33
-38
-41
-41
-45
-49
-47
-49
-52
-51
-49
-47
-48
-44
-38
-38
-35
-28
-25
-20
-16
-11
-5
0
3
7
13
15
18
22
24
25
25
28
26
26
25
24
23
19
16
17
10
9
8
4
0
-2
-2
-6
-8
-8
-9
-10
-11
-9
-7
-9
-5
0
-3
2
6
8
13
13
19
24
22
29
34
33
36
39
41
41
43
44
44
45
40
42
43
37
36
35
32
30
24
22
21
15
10
8
5
1
-1
-7
-6
-8
-16
-12
-13
-17
-17
-16
-17
-15
-14
-16
-9
-8
-12
-5
-1
-5
-2
7
3
3
9
8
8
7
9
10
7
6
7
4
0
-2
-2
-7
-12
-12
-17
-20
-21
-28
-28
-31
-35
-35
-37
-40
-40
-40
-42
-42
-40
-41
-41
-36
-36
-36
-32
-30
-28
-27
-23
-17
-17
-16
-11
-8
-9
-3
-2
0
1
2
4
3
6
5
5
8
5
5
7
4
4
4
2
3
2
1
1
1
-1
0
0
0
1
0
2
3
2
5
6
8
8
11
13
15
16
19
20
20
25
26
24
29
29
29
32
30
33
30
29
33
27
30
26
27
25
21
22
20
18
14
16
14
8
12
10
6
8
7
7
6
5
7
7
8
7
8
9
10
10
10
12
12
11
12
13
12
8
12
8
6
8
2
2
1
-5
-4
-6
-11
-12
-14
-17
-20
-21
-23
-25
-26
-28
-29
-29
-31
-30
-30
-30
-28
-28
-26
-27
-24
-21
-23
-19
-17
-16
-15
-14
-12
-10
-11
-8
-7
-10
-7
-7
-8
-9
-8
-9
-11
-11
-13
-13
-12
-17
-14
-16
-20
-17
-18
-20
-19
-18
-21
-19
-16
-19
-15
-12
-13
-13
-8
-5
-6
-3
2
3
4
7
11
11
13
16
17
20
21
21
24
23
23
23
22
25
21
21
22
21
19
17
17
16
13
12
12
12
9
8
9
9
7
6
11
8
7
10
13
9
13
18
15
15
21
19
20
23
24
26
27
25
27
28
27
25
26
26
23
22
21
20
17
12
11
11
6
3
1
-2
-2
-10
-11
-9
-15
-17
-16
-17
-17
-22
-19
-18
-20
-19
-19
-18
-18
-14
-15
-16
-10
-10
-12
-7
-7
-8
-5
-4
-8
-4
-3
-6
-6
-6
-6
-9
-11
-9
-11
-16
-16
-17
-16
-19
-23
-22
-22
-26
-26
-26
-27
-26
-28
-28
-25
-23
-27
-25
-21
-19
-21
-20
-12
-14
-14
-11
-7
-5
-7
-4
0
1
0
3
5
3
7
6
5
10
8
7
10
7
8
9
6
10
6
5
11
6
6
9
8
6
8
11
9
8
11
14
12
12
16
17
18
18
18
22
23
21
21
26
26
24
26
27
25
27
23
25
28
22
21
23
23
21
16
19
19
14
13
13
15
10
9
10
8
8
7
6
6
6
6
4
5
7
4
5
3
6
5
3
6
1
5
4
-1
1
3
-2
-4
-3
-2
-8
-9
-7
-10
-13
-15
-16
-15
-20
-21
-21
-23
-24
-25
-26
-28
-26
-28
-29
-27
-28
-26
-28
-26
-24
-26
-25
-22
-22
-20
-19
-20
-15
-15
-16
-15
-13
-13
-14
-12
-12
-11
-11
-12
-12
-12
-10
-14
-15
-10
-14
-17
-14
-12
-15
-17
-12
-11
-16
-11
-12
-12
-8
-10
-7
-3
-4
0
0
3
7
7
9
13
15
15
21
20
21
25
24
28
26
28
31
26
28
32
29
26
29
28
25
24
24
24
21
19
19
18
17
15
15
12
15
13
10
14
13
11
11
12
15
12
11
16
18
13
14
20
18
16
17
21
17
17
20
17
15
19
15
11
14
12
7
4
6
2
-1
-2
-5
-6
-9
-12
-12
-14
-17
-19
-20
-21
-23
-25
-22
-26
-27
-23
-26
-27
-23
-24
-23
-23
-22
-20
-20
-20
-19
-16
-16
-16
-17
-13
-14
-16
-13
-11
-14
-14
-14
-11
-13
-18
-13
-13
-15
-18
-17
-14
-19
-18
-16
-17
-18
-18
-16
-16
-15
-15
-14
-12
-11
-10
-9
-7
-4
-4
-3
3
0
2
9
8
7
11
13
12
14
15
16
17
16
19
19
18
18
18
20
17
16
20
17
14
17
18
13
15
14
13
15
12
13
14
13
13
14
14
14
14
15
17
15
15
16
17
18
15
17
19
16
16
18
16
15
15
14
12
14
10
9
10
7
5
5
4
0
-1
0
-4
-5
-4
-7
-8
-8
-9
-10
-10
-11
-13
-10
-12
-11
-11
-11
-10
-11
-9
-10
-12
-8
-8
-9
-9
-7
-8
-8
-8
-8
-7
-9
-10
-7
-12
-11
-10
-11
-13
-14
-11
-14
-17
-14
-16
-18
-16
-16
-18
-18
-17
-14
-19
-15
-13
-15
-13
-12
-10
-10
-8
-7
-5
-3
-3
-2
1
1
3
4
5
6
5
8
8
8
9
9
8
8
10
7
7
10
7
5
7
5
5
6
2
4
6
1
2
6
3
1
5
5
3
4
8
7
4
10
10
9
11
12
13
13
15
15
16
16
16
18
17
17
17
16
16
14
14
13
13
11
9
9
9
3
5
5
-1
-1
-1
-4
-4
-4
-8
-7
-7
-10
-9
-9
-10
-9
-10
-8
-8
-10
-6
-6
-8
-6
-4
-5
-3
-4
-1
-2
-2
-1
-1
-1
0
-2
-2
-1
-3
-4
-3
-4
-6
-7
-6
-8
-10
-8
-11
-13
-10
-13
-14
-13
-14
-13
-15
-15
-12
-14
-14
-11
-12
-12
-9
-9
-9
-5
-5
-4
-4
0
2
-2
3
7
2
4
8
7
5
9
9
8
9
7
7
9
8
7
6
8
7
3
4
6
3
1
3
3
3
-1
0
3
0
1
3
1
3
4
3
4
6
6
4
5
10
7
6
12
9
9
11
10
12
12
11
12
11
11
10
9
10
8
7
6
6
4
3
3
2
0
-1
-1
-1
-4
-3
-3
-6
-5
-4
-7
-5
-5
-6
-6
-6
-6
-5
-3
-6
-3
-4
-4
-3
-4
-1
-5
-1
-1
-4
-1
-1
-2
-2
-4
-1
-3
-5
-4
-3
-4
-8
-5
-4
-7
-8
-9
-6
-8
-12
-7
-9
-9
-10
-10
-6
-9
-11
-8
-7
-8
-6
-4
-7
-4
-3
-4
-3
0
1
-2
1
2
3
2
1
6
6
2
4
7
6
2
5
8
4
2
6
4
4
3
3
4
2
4
2
2
3
3
3
3
3
4
3
4
6
4
5
8
4
7
9
6
8
10
8
8
11
10
9
10
11
10
10
12
8
8
10
9
7
4
9
6
2
3
3
2
0
0
2
-3
-3
-2
-2
-5
-4
-4
-5
-3
-7
-5
-2
-8
-5
-3
-5
-5
-4
-1
-5
-5
-2
-4
-3
-4
-3
-3
-3
-4
-4
-2
-5
-5
-5
-6
-6
-8
-8
-6
-8
-9
-12
-8
-10
-14
-10
-10
-13
-12
-11
-10
-13
-13
-9
-11
-12
-8
-7
-10
-9
-5
-7
-5
-5
-4
-1
-4
-3
1
1
-1
1
4
3
1
4
5
3
4
3
5
3
5
4
3
5
2
3
4
2
4
2
3
3
4
3
3
5
5
5
2
7
8
5
6
10
9
7
9
11
9
10
9
14
12
10
14
11
12
14
10
13
10
11
12
7
9
11
7
5
8
8
4
2
5
7
-1
1
4
-1
2
0
-3
1
-1
-2
-2
-1
0
-1
-3
-1
0
-3
-3
-1
0
-3
-3
0
-3
-3
-2
-4
-2
-3
-6
-5
-4
-5
-8
-5
-6
-11
-6
-8
-11
-9
-11
-10
-12
-13
-10
-13
-14
-11
-14
-13
-13
-12
-12
-13
-10
-12
-11
-9
-10
-9
-9
-7
-7
-9
-6
-5
-5
-4
-5
-2
-3
-5
-4
-1
-3
-3
-1
-1
-1
-2
-1
-1
-4
1
-2
-4
2
-3
-3
0
1
-1
-1
1
0
-1
1
3
0
2
4
1
5
4
4
7
6
7
7
9
8
10
10
10
11
10
10
12
12
10
11
12
12
11
8
14
12
7
10
12
7
7
9
8
7
8
7
6
8
4
4
7
5
5
4
7
6
2
6
5
3
5
6
4
4
7
4
4
7
3
6
4
3
6
3
4
3
2
3
0
-1
2
-1
-3
-1
-2
-4
-5
-3
-4
-8
-6
-3
-9
-9
-6
-8
-10
-8
-9
-9
-9
-10
-9
-10
-9
-10
-9
-8
-10
-8
-9
-9
-8
-8
-7
-10
-7
-5
-9
-8
-6
-8
-8
-9
-7
-5
-8
-9
-6
-7
-10
-9
-6
-9
-9
-8
-10
-8
-7
-9
-7
-6
-7
-7
-7
-5
-5
-5
-6
-3
-2
-5
-2
-1
-1
0
-1
1
3
3
2
3
4
4
3
5
6
5
6
5
6
8
4
6
9
7
5
9
8
6
7
8
8
7
8
8
8
5
9
10
5
9
9
9
9
8
9
10
8
8
12
10
7
11
10
8
12
8
8
10
8
8
9
7
8
7
6
8
6
6
5
5
4
4
4
2
4
1
1
3
0
0
0
1
-2
-3
1
0
-5
-4
-1
-3
-5
-3
-5
-3
-4
-7
-3
-4
-6
-9
-3
-5
-9
-6
-7
-6
-8
-7
-7
-8
-8
-10
-9
-7
-10
-11
-9
-8
-12
-11
-8
-12
-12
-10
-9
-11
-11
-10
-9
-9
-12
-9
-7
-10
-11
-7
-8
-9
-8
-6
-8
-6
-5
-7
-4
-3
-5
-4
-4
-1
-3
-3
-1
-1
-1
-2
-1
0
1
-1
0
3
1
-1
2
4
2
2
3
3
4
3
4
2
5
6
3
5
6
7
3
6
9
5
5
6
7
7
7
7
6
10
8
4
9
10
3
9
9
5
7
6
6
8
6
5
5
6
5
4
6
5
5
4
3
4
4
3
1
3
5
0
2
5
1
1
2
2
3
1
2
2
2
-1
1
4
1
-1
2
2
1
-1
1
2
1
-1
1
1
-1
0
-1
0
-1
-3
0
0
-2
-2
0
0
-4
-1
0
-3
-2
-1
-2
-3
-2
0
-3
-3
-2
-3
-2
-3
-3
-1
-2
-5
-3
-2
-3
-4
-4
-1
-4
-6
-3
-5
-5
-4
-6
-5
-5
-7
-6
-5
-6
-7
-6
-6
-7
-6
-9
-6
-6
-9
-7
-6
-7
-8
-7
-6
-7
-8
-6
-4
-8
-7
-5
-6
-6
-7
-6
-3
-8
-6
-2
-5
-4
-4
-4
-2
-4
-3
-3
-2
0
-3
-1
0
-1
-1
1
1
1
2
1
3
4
2
3
4
5
4
4
6
6
6
6
7
8
6
9
9
7
9
10
10
9
7
10
11
7
11
12
8
10
10
11
12
8
10
11
10
9
10
11
8
8
9
6
7
9
5
6
8
5
4
6
6
4
2
6
5
-1
3
6
-3
-1
4
0
-2
-2
0
-2
-2
-4
-4
1
-5
-7
-3
-3
-6
-8
-8
-4
-7
-11
-6
-6
-9
-8
-10
-8
-6
-12
-11
-7
-9
-11
-12
-8
-10
-12
-10
-11
-9
-9
-11
-10
-10
-8
-10
-10
-7
-8
-11
-7
-8
-8
-8
-7
-6
-6
-5
-7
-6
-3
-6
-6
-2
-4
-3
-2
-2
0
-4
0
2
-3
-1
3
2
-2
0
6
1
-1
3
4
3
1
3
8
3
2
9
3
5
7
4
9
4
5
10
3
7
10
5
8
8
6
8
6
8
6
8
9
5
6
8
8
4
7
7
5
7
5
5
7
5
4
5
6
6
3
3
5
3
2
3
4
2
1
2
2
1
3
-1
-1
3
0
-2
0
0
1
-1
-3
0
0
-5
-4
3
-3
-4
-2
-3
-2
-2
-3
-4
-2
-2
-6
-3
-2
-4
-5
-4
-2
-3
-4
-4
-3
-3
-4
-4
-1
-1
-5
-4
-1
-3
-3
-2
-2
-4
-2
-2
-3
-2
-1
-3
-1
-2
-2
-1
-3
-2
-1
0
-2
-1
0
-2
-2
0
-2
-2
0
-2
-1
1
-2
-2
-1
0
0
-2
-1
0
0
-2
0
0
-2
0
-1
-1
0
-2
-1
0
-2
-2
-1
-3
-1
0
-3
-1
0
-2
-1
-1
-1
-1
-2
-1
0
-3
-1
0
-1
-2
-2
-1
0
-3
-2
1
-1
-1
0
0
-2
0
0
-3
1
1
-2
1
0
2
1
-1
2
1
-1
0
3
2
0
2
2
3
1
3
2
1
4
2
1
6
3
1
5
2
3
5
2
5
3
4
4
3
5
4
3
3
6
4
4
6
2
5
6
2
4
5
3
3
4
4
3
5
2
4
5
1
2
5
2
0
4
3
0
3
-1
4
1
-1
1
0
1
1
-1
0
1
0
-1
-1
0
-1
-2
-1
0
-3
-2
-2
-2
-2
-4
-1
-2
-4
-2
-4
-4
-2
-4
-3
-3
-4
-2
-5
-3
-2
-5
-3
-3
-5
-2
-3
-4
-3
-3
-4
-3
-3
-4
-2
-2
-3
-3
-1
-2
-3
-2
-2
-1
-4
-2
0
-2
-1
-1
-1
-1
-3
-1
1
-1
-2
-1
0
-1
-1
1
0
0
2
0
0
1
1
-1
1
1
0
1
0
0
2
1
0
1
0
2
1
-1
2
1
0
1
1
3
1
-2
4
1
-1
2
3
0
1
2
2
1
2
1
0
2
1
1
0
1
1
-1
2
1
-1
2
1
0
1
0
1
2
-1
0
1
0
0
0
1
2
-2
0
2
-1
0
2
0
0
1
2
-1
2
2
-1
2
1
2
0
1
2
0
1
1
2
1
2
1
0
3
2
1
4
0
1
1
1
2
2
3
2
3
2
2
1
3
3
2
3
1
3
3
1
2
2
3
1
1
3
0
3
2
0
2
2
2
0
1
3
-2
1
2
0
1
-1
0
1
-1
-1
0
0
0
0
0
-1
-2
-1
0
-1
-1
-1
-2
-3
-1
-3
-3
-2
-3
-2
-3
-3
-1
-5
-3
-1
-3
-3
-3
-2
-4
-3
-1
-4
-4
-1
-4
-5
0
-3
-5
-1
-3
-3
-2
-1
-1
-3
-1
-1
-1
-3
-1
0
-1
-2
1
0
-1
2
0
0
2
0
0
1
2
1
2
3
3
0
2
5
1
3
5
2
3
5
2
4
5
2
4
4
3
5
5
3
4
4
2
3
6
3
3
4
3
3
2
2
5
1
0
4
3
0
1
1
1
0
0
1
-1
-1
-1
-1
-1
-3
-3
-1
-4
-3
-3
-3
-4
-4
-3
-5
-6
-5
-4
-6
-7
-4
-6
-5
-6
-7
-5
-5
-5
-6
-6
-4
-7
-7
-4
-5
-6
-6
-4
-4
-6
-3
-4
-3
-3
-4
-3
-2
-3
-3
0
-3
-1
0
0
1
1
0
3
1
1
3
2
4
2
4
5
3
6
4
5
7
5
8
6
4
9
7
5
8
8
8
7
9
9
7
7
9
8
6
9
8
6
7
9
7
5
7
7
7
3
5
9
2
4
7
4
4
2
4
3
2
3
2
1
1
1
-2
-1
1
-1
-3
-2
-1
-2
-4
-4
-2
-4
-3
-4
-5
-3
-6
-7
-5
-5
-6
-7
-7
-4
-7
-10
-7
-6
-7
-9
-7
-6
-8
-9
-8
-6
-8
-8
-7
-7
-7
-8
-8
-7
-6
-7
-6
-8
-6
-5
-7
-6
-5
-7
-5
-5
-6
-4
-6
-3
-6
-5
-3
-5
-4
-5
-3
-3
-4
-1
-2
-2
-2
-2
-1
0
-2
0
1
-1
-2
2
1
-2
2
2
0
2
3
1
1
4
3
3
4
1
5
5
3
5
6
5
5
5
6
6
5
7
6
5
7
7
4
9
7
6
8
5
9
7
6
9
7
8
7
6
7
8
7
7
6
8
6
6
8
7
8
6
6
9
6
3
8
7
5
4
5
8
3
4
5
4
4
3
4
3
2
3
2
-1
3
1
-2
0
1
-3
1
-1
-3
0
-3
-4
-2
-2
-5
-3
-6
-4
-4
-8
-5
-6
-5
-7
-9
-6
-6
-8
-8
-7
-6
-7
-11
-8
-6
-9
-10
-8
-10
-7
-10
-10
-9
-9
-9
-10
-9
-8
-10
-9
-8
-8
-8
-9
-9
-7
-7
-10
-6
-6
-10
-5
-6
-6
-6
-5
-5
-5
-6
-4
-4
-5
-3
-4
-2
-3
-2
0
-4
0
-1
-2
1
3
-1
1
3
1
3
1
4
4
1
5
5
4
5
6
4
7
8
2
6
8
7
5
7
9
6
7
8
7
8
8
8
9
9
7
9
9
7
10
8
6
10
10
6
8
8
7
7
7
6
7
8
4
4
9
4
6
5
3
8
4
3
5
4
1
3
3
2
2
1
3
1
1
3
-1
-1
3
-1
-3
2
-1
-3
-1
-3
-3
-3
-4
-3
-3
-3
-4
-3
-5
-6
-3
-5
-7
-3
-5
-7
-4
-6
-3
-6
-7
-4
-6
-6
-6
-5
-5
-8
-6
-4
-7
-6
-5
-5
-7
-5
-3
-7
-5
-5
-3
-6
-6
-1
-5
-5
-4
-4
-4
-4
-5
-3
-2
-6
-2
-1
-5
-2
-1
-3
-2
0
-2
-2
1
0
-1
0
-1
1
0
-2
1
2
-1
0
2
2
0
1
1
2
2
3
0
2
3
0
2
3
2
3
1
4
4
0
4
4
1
4
4
2
3
2
3
5
2
3
5
2
3
3
4
3
1
2
3
2
2
3
5
2
1
5
3
0
4
5
0
1
4
2
2
2
2
3
1
1
2
1
3
1
1
3
2
-1
2
4
-1
0
3
1
0
0
0
1
1
-1
0
1
1
1
-1
-1
2
0
-3
0
1
-2
-1
-1
0
-1
-1
-2
-1
0
-1
-2
-1
-1
-2
-1
-1
-2
0
-2
-3
0
0
-3
-1
-2
-3
-2
-2
-1
-1
-1
-2
-1
-1
-4
-1
-3
-2
-1
-2
0
-3
-2
-1
-4
-2
0
-1
-4
0
0
-5
-1
-2
-2
0
-2
-1
-1
0
-1
-3
-1
0
-4
-1
1
-3
0
0
-2
1
-1
0
0
0
1
-1
0
2
0
-1
1
1
-1
1
2
0
2
0
0
2
1
0
1
2
0
2
3
1
1
1
1
2
1
2
1
2
3
3
2
2
2
2
1
3
2
1
3
2
1
4
0
1
2
0
2
2
1
2
1
1
0
2
1
-1
4
1
-2
2
1
-2
1
-1
-1
2
0
0
-1
1
-2
-4
0
-1
-2
0
0
-1
-1
-2
-2
-1
-3
-1
-1
-1
-2
-2
-1
-5
-2
-1
-3
-2
0
-3
0
-2
-3
0
-2
-3
-2
-1
1
-1
0
2
-2
-1
1
-2
1
1
-2
1
0
1
1
0
-1
1
2
0
0
3
2
-1
3
1
0
2
1
2
2
3
2
1
2
3
1
-1
3
3
-1
2
2
1
2
-1
1
2
1
0
1
3
0
-1
-1
0
1
-1
-1
2
-1
-1
-1
-1
-1
-2
-4
0
0
-2
-2
-1
0
-4
-3
-1
-1
-2
-2
0
-1
-2
-2
-2
-1
-3
-1
-1
-2
-1
0
-3
-2
-1
-3
-1
1
-1
1
2
0
0
0
0
1
0
0
3
1
2
2
1
4
1
0
3
5
3
2
5
4
3
1
3
4
3
4
3
4
5
3
2
5
4
1
5
5
4
4
2
4
3
1
3
2
2
4
3
2
3
1
1
0
0
2
0
0
0
2
-1
-3
0
-2
-4
0
-2
-1
1
-3
-3
-2
-3
-2
-5
-1
-3
-4
-1
-4
-4
-4
-5
-5
-4
-3
-4
-4
-3
-3
-6
-5
-4
-3
-4
-5
-2
-2
-4
-3
-2
-5
-5
-2
-1
-3
-1
-1
-3
-3
-1
-3
-2
0
-4
2
0
-3
2
1
-3
-2
2
2
-1
1
2
1
1
-1
2
1
-2
4
2
1
4
2
2
3
2
1
3
4
2
4
2
5
4
0
3
4
1
2
5
3
3
4
3
3
3
3
3
3
5
2
3
5
1
4
3
3
5
2
3
3
3
4
1
2
3
2
1
4
4
0
3
2
1
1
0
2
0
1
3
1
0
0
1
0
0
1
0
0
0
0
0
0
-1
-2
1
-2
-3
-2
-2
-2
-2
-2
0
-4
-4
-2
-4
-3
-2
-3
-2
-3
-4
-3
-3
-4
-4
-3
-3
-4
-4
-4
-3
-5
-3
-3
-4
-4
-6
-1
-3
-4
-2
-2
-3
-4
-3
-5
-1
-2
-3
0
0
-3
-2
-1
-2
0
-1
-2
2
1
0
1
1
0
0
1
3
1
2
4
2
4
2
1
3
3
4
3
4
5
5
2
2
6
2
4
6
4
4
4
6
4
3
4
3
3
5
4
4
3
3
3
3
2
2
4
3
3
4
1
2
3
0
1
0
1
3
0
1
2
0
-1
-2
2
-1
-2
2
-1
-1
-1
-2
-2
-3
-2
-1
-3
0
-1
-3
-3
-3
-3
-3
-2
-2
-1
-2
-2
-1
-4
-3
-3
-4
-2
-1
-2
-1
-2
-3
-3
-3
-3
-3
-1
-2
-2
-1
0
-4
-2
-1
-2
-1
-2
1
0
-3
-1
-2
-1
-2
-2
0
-1
-2
2
-1
-1
-2
-2
-2
-3
1
-1
-1
2
-1
-2
-1
-3
0
0
-1
0
0
1
0
-2
0
-1
0
-1
1
3
-1
0
1
1
-1
2
1
0
4
2
1
2
2
0
2
3
0
4
4
2
3
2
3
0
1
4
4
1
4
4
2
3
1
4
2
1
5
4
4
3
2
5
3
1
2
2
5
2
2
5
2
0
2
0
1
2
2
2
0
3
0
-1
1
0
1
0
1
0
-1
1
-2
-2
-1
-2
-1
-2
-2
0
-3
-3
0
-3
-4
-3
-1
-2
-5
1
-3
-3
-1
-5
-2
-1
-4
-3
0
-2
-3
-3
-2
-1
-3
-3
-1
-1
-1
-1
-3
-2
-1
-1
-3
0
1
-2
-1
-2
-1
-1
-3
0
-2
-1
0
-1
-2
-1
-1
-2
0
-1
-3
1
-1
-4
0
-2
-1
-2
-2
0
-3
-2
0
-2
-4
-1
-2
-5
-2
0
-4
-2
0
-4
-4
0
-2
-4
0
0
-3
-2
-3
-1
-2
-4
1
-1
-1
0
0
0
-1
0
0
0
0
1
2
1
2
0
3
5
0
2
6
3
3
5
4
4
5
6
4
5
7
5
5
6
6
7
5
7
5
6
8
6
6
7
6
6
4
5
7
4
5
7
4
5
5
4
3
3
3
4
1
3
3
1
1
2
1
0
2
0
-3
1
-1
-2
-3
-3
-1
-3
-4
-2
-3
-4
-4
-4
-5
-5
-4
-6
-6
-4
-4
-5
-6
-6
-6
-5
-6
-4
-6
-5
-4
-6
-6
-4
-4
-6
-4
-5
-5
-3
-5
-4
-3
-5
-3
-2
-4
-3
-2
-2
-3
-3
-3
-2
0
-3
-4
0
-1
-1
-3
-1
1
-2
-2
-1
0
0
-3
0
-1
0
0
-1
-1
1
0
-1
1
-1
1
1
-1
0
0
1
-1
-2
2
-1
0
2
-1
0
2
-1
0
1
0
1
1
2
1
1
4
0
0
2
1
2
3
2
2
4
0
2
1
2
4
3
5
3
3
5
4
1
3
4
4
4
5
6
5
4
4
3
2
6
4
3
6
5
3
4
2
3
3
3
3
4
6
3
3
1
1
1
1
1
3
4
2
-1
2
1
-3
-2
1
1
-2
0
2
-2
-3
-2
-4
0
-5
-3
1
-4
-2
-2
-6
-3
-4
-5
-5
-3
-2
-3
-4
-4
-3
-7
-6
-5
-5
-3
-4
-4
-4
-3
-6
-6
-4
-5
-4
-2
-2
-4
-5
-3
-6
-6
-5
-3
-2
-5
-1
1
-6
-4
-2
-4
-3
-4
0
1
-3
-2
0
-3
-3
-3
-2
1
-1
0
0
-2
0
-4
-2
0
-2
0
0
1
0
-1
-1
-2
-1
1
0
1
2
0
1
1
-2
-1
1
-1
1
2
2
3
1
0
2
0
3
3
0
5
2
1
6
1
1
3
3
5
2
3
5
3
2
3
3
4
4
2
5
4
4
3
3
4
1
2
5
3
1
3
5
1
1
3
2
2
2
3
3
2
1
2
3
-1
0
3
0
-1
2
1
-2
2
0
-3
2
-1
0
2
-2
0
0
-2
1
-1
-2
1
0
0
-2
-1
0
0
-1
-1
2
1
-1
2
1
-1
1
1
1
0
1
3
0
0
2
1
-1
1
1
1
2
4
0
3
3
-1
0
0
2
0
0
2
-1
0
-1
-2
-2
-3
0
0
-3
-1
-1
-1
-3
-5
-2
-2
-7
-1
-2
-6
-4
-5
-6
-6
-8
-6
-4
-7
-4
-3
-5
-7
-8
-7
-6
-7
-7
-4
-2
-6
-7
-4
-6
-9
-7
-5
-6
-3
-1
-3
-3
-2
-3
-3
-2
-3
0
3
-1
2
2
0
-1
1
1
3
6
3
5
7
6
5
4
3
5
9
8
8
9
8
7
7
5
7
8
6
8
10
9
9
6
7
5
6
9
6
8
7
7
7
4
4
3
2
3
3
4
2
4
1
-2
1
-1
-2
-1
-1
1
1
-3
-2
-4
-4
-3
-6
-4
-2
-4
-3
-5
-7
-5
-8
-9
-6
-7
-6
-5
-6
-4
-6
-6
-6
-8
-6
-4
-5
-4
-4
-4
-4
-5
-7
-7
-2
-4
-6
0
-1
-3
-2
-2
-2
-2
0
0
-1
1
1
1
1
-2
1
1
-2
2
0
3
3
1
3
2
0
2
5
2
3
6
4
2
4
3
2
0
-1
6
3
0
4
3
2
2
3
1
3
5
5
4
4
3
2
2
0
1
3
1
1
2
3
1
0
2
1
2
5
3
3
4
3
3
3
-1
1
1
0
-1
2
1
-1
-1
-1
1
0
0
1
2
1
1
1
0
0
-1
-3
-2
-1
-2
-4
-4
-4
-3
-6
-4
-3
-3
-1
-4
-1
-1
-5
-4
-3
-4
-4
-6
-6
-5
-7
-7
-4
-7
-8
-5
-7
-3
-3
-6
-3
-2
-3
-3
-3
-4
-4
-4
-3
-1
-5
-6
-3
-3
-3
-5
0
1
-4
3
2
2
2
0
4
3
3
5
2
1
2
2
2
2
1
3
4
6
5
5
7
5
6
8
7
6
7
5
7
6
2
3
3
2
3
3
5
4
2
5
4
3
5
5
3
4
3
4
2
0
2
-1
-3
0
1
-3
-2
1
-3
-1
-1
0
-1
-3
1
1
-3
0
-1
-5
-4
-2
-5
-6
-3
-4
-5
-2
-5
-4
-3
-4
-2
0
-1
-2
0
-2
-2
-2
-2
-4
-2
0
-2
-2
0
-1
-3
0
1
0
0
1
3
1
3
1
-1
4
0
0
2
3
0
1
2
0
2
2
1
0
3
3
2
0
3
3
-1
1
4
2
0
-2
2
-1
-3
1
-2
-2
-1
-1
-1
-1
0
-4
-2
0
-1
-2
-3
-1
-1
-2
-3
-2
-3
-3
-3
-1
-1
-3
-4
-3
1
-2
-2
0
-3
0
-1
-2
-1
0
0
-2
0
5
0
-1
2
2
1
0
0
2
2
2
3
3
2
1
3
1
3
5
4
2
3
5
3
1
3
2
3
3
1
3
3
1
2
2
0
0
1
3
1
2
4
0
0
1
-1
1
-2
-1
2
-3
-3
-1
-2
-4
-3
-2
-3
-3
0
1
0
-2
-2
-3
-1
-1
-2
-4
-2
-1
-4
-4
-3
-2
-2
-4
-1
2
1
2
1
2
2
2
0
0
3
0
2
3
-2
-1
2
1
-1
3
6
3
2
6
6
3
4
4
4
4
2
3
2
0
2
1
-1
0
0
1
2
2
2
1
1
2
0
2
2
-1
-2
0
-2
-4
-6
-5
-5
-7
-5
-3
-5
-4
-2
-5
-3
-3
-4
-3
-2
-4
-5
-5
-7
-8
-8
-7
-7
-8
-6
-4
-6
-5
-6
-2
-2
-3
-1
-1
0
-2
-2
0
-3
-2
-4
-4
-1
-1
0
-1
2
2
0
4
5
5
7
4
8
9
3
3
6
4
5
5
4
5
4
3
7
8
4
8
9
7
10
8
10
7
4
5
7
5
2
3
5
4
1
0
3
4
2
4
5
4
4
1
2
4
0
-2
-1
-3
-2
-3
-5
-2
-4
-6
-3
-3
-4
-1
0
-2
-2
-1
-4
-4
-3
-4
-6
-6
-4
-7
-9
-5
-5
-4
-5
-6
0
-2
-3
0
0
1
-2
-3
-3
-3
0
-4
-5
-2
-2
-5
-3
0
1
-2
-2
5
4
1
3
5
4
3
1
-1
2
1
-3
2
1
-2
-2
-2
2
4
2
4
4
4
6
5
4
3
2
-2
-1
-2
0
-2
-3
-3
0
0
-2
0
3
3
4
5
2
3
1
-2
1
-2
-3
-4
-3
-2
-4
-2
-3
-4
-2
-2
-1
1
3
1
3
2
-1
1
1
-3
-3
-1
-2
-5
-4
-4
-4
-4
-3
-3
1
1
1
4
5
4
0
2
-1
-2
-1
-5
-2
-3
-7
-4
-4
-2
-2
-2
2
3
4
5
4
3
4
2
-2
-2
-4
-3
0
-5
-4
-3
-4
-3
-2
0
3
2
2
4
5
4
2
2
3
0
-1
-3
-2
-4
-3
-3
-7
-4
-2
-1
0
3
6
3
5
7
4
7
3
1
3
-2
-1
-1
-3
-4
-3
-1
-2
-1
2
5
5
7
10
10
7
6
7
6
3
0
1
-1
-3
-1
-1
-3
-3
-1
1
4
6
5
8
7
7
7
5
3
1
2
1
-4
-7
-6
-5
-7
-7
-3
-5
-6
-2
2
3
0
1
2
0
0
-2
-4
-5
-7
-9
-14
-12
-10
-14
-11
-8
-7
-8
-7
-3
0
-2
-1
2
-2
-2
-2
-4
-6
-7
-8
-11
-11
-11
-10
-5
-5
-6
-2
1
3
4
5
8
6
4
6
2
3
1
-2
0
-1
-3
-2
-2
0
4
4
6
6
10
9
12
13
9
9
9
6
8
5
3
5
1
-1
2
1
2
1
3
6
5
5
7
9
10
9
8
7
5
4
1
-2
-3
-3
-5
-6
-5
-4
0
-1
-2
3
5
4
5
6
6
4
1
-2
-1
-3
-5
-5
-6
-3
-5
-6
-5
-2
-1
-1
1
1
2
3
5
4
2
3
0
0
-1
-3
-3
-4
-5
-6
-5
-2
-3
-3
-2
2
3
1
4
5
3
4
3
-1
-1
-5
-6
-5
-6
-5
-6
-6
-6
-4
-2
-1
-1
-2
-1
2
1
-1
-2
-4
-1
-5
-7
-7
-8
-6
-6
-7
-6
-6
-8
-5
-4
-2
1
-3
-3
3
0
0
1
-2
-2
0
-2
-4
-2
-2
-4
-4
1
0
-1
4
6
8
8
7
6
6
6
6
6
6
5
5
5
7
6
3
6
7
6
8
10
11
8
10
11
10
9
5
6
9
7
9
5
4
8
4
0
4
0
-1
3
3
6
5
2
4
2
-1
-1
-3
-2
-2
-2
-2
-3
-8
-6
-5
-6
-6
-7
-4
-3
-4
-5
-8
-10
-6
-7
-10
-6
-5
-6
-7
-6
-5
-9
-6
-6
-6
-5
-7
-6
-7
-6
-2
-9
-7
1
0
0
1
-4
-2
-1
-2
-3
-1
-2
0
0
0
4
1
1
4
4
5
2
3
3
1
4
0
3
3
2
5
3
6
3
6
6
5
7
5
4
2
0
-2
0
3
4
2
6
8
6
3
2
1
3
1
-1
1
0
0
2
2
-2
-1
0
1
3
5
4
2
0
0
-2
-3
-3
-2
1
1
3
3
3
4
3
2
0
-2
0
-1
0
1
0
1
3
-1
0
4
3
6
5
1
0
1
0
-2
-2
0
-3
-1
4
4
3
-1
2
4
-1
2
0
-3
0
-1
-4
-3
-3
0
0
0
1
1
-1
0
0
-4
-4
-3
-5
-5
-5
-4
-3
-3
-2
-2
-1
-2
-3
-4
-2
-6
-6
-3
-5
-4
-4
-5
-6
-4
0
-3
-1
1
1
-2
-4
-2
-5
-7
-1
-4
-4
2
1
0
2
0
-2
-1
1
0
-2
0
1
-1
0
-1
0
1
2
3
3
1
2
2
2
4
-1
-1
2
0
1
3
3
0
0
2
4
2
1
2
2
1
-1
0
1
0
2
0
-1
1
0
1
3
1
-3
-1
-2
-1
2
1
0
0
3
0
1
1
-1
0
2
3
2
0
1
4
2
1
1
0
2
4
4
4
4
2
1
1
4
4
3
4
4
3
5
4
6
8
4
1
4
4
5
4
3
4
3
3
2
5
6
1
2
3
1
2
3
3
2
0
1
-1
-1
1
1
-1
-2
-1
1
-4
-3
-2
-5
-4
-5
-5
-5
-4
-4
-5
-6
-5
-3
-7
-7
-4
-6
-8
-8
-7
-9
-6
-5
-5
-3
-9
-10
-5
-7
-5
-5
-4
-4
-5
-4
-5
-8
-8
-3
-3
-5
-3
0
-1
-1
1
-3
-7
-1
0
-1
0
1
0
0
-2
1
3
1
1
2
6
5
0
2
1
2
3
3
3
4
5
3
3
5
5
4
5
5
4
3
4
4
1
1
2
7
6
3
3
6
5
3
3
1
0
3
2
4
5
2
3
2
-1
4
4
0
4
6
4
1
0
1
-4
-2
0
0
3
6
4
4
2
0
1
-1
1
-1
-2
1
4
0
0
1
0
1
1
3
3
5
1
-3
-3
-4
0
1
-2
-1
-1
2
3
2
1
-3
0
1
-1
-2
-4
-5
-4
-3
-2
-1
-3
0
1
1
3
-2
-7
-3
-5
-6
-3
-7
-7
-4
-5
-1
0
-3
-3
-3
0
-3
-8
-6
-4
-4
-6
-9
-6
-5
-5
-3
2
0
-1
0
-1
-2
-4
-7
-7
-5
-4
-3
-2
-2
0
0
3
1
-1
4
3
-1
0
-3
-4
-3
2
2
1
4
3
5
6
4
4
3
5
5
2
2
2
3
3
2
4
7
10
9
8
7
4
4
3
1
6
6
2
4
5
3
5
4
7
8
4
7
7
0
3
3
1
1
2
2
-1
1
3
3
5
5
3
2
0
0
-2
-2
-5
-4
1
2
3
0
0
0
-5
-3
-4
-5
-1
1
1
0
-4
-10
-9
-3
-2
-1
-1
-3
-4
-3
-4
-3
-5
-5
-5
-4
-1
-1
-4
-3
-2
-5
-3
-2
-3
-1
-2
-2
-4
-6
-1
-1
-1
4
1
-2
0
-1
-3
-1
-3
-4
1
1
1
2
1
3
4
1
2
0
-2
1
1
1
1
1
0
0
1
0
1
0
1
3
0
1
3
0
-1
-6
-7
-4
1
0
-1
5
7
1
1
-1
-4
-8
-6
-3
-6
-1
-1
-2
2
0
-2
-2
-4
-3
2
0
-1
-1
-6
-6
-7
-8
-4
-3
-2
2
3
1
-2
-2
-1
-2
-1
-1
-4
-2
-4
-2
0
2
3
0
1
3
6
5
2
-2
-4
-4
-4
2
5
4
5
7
7
9
7
2
3
3
3
3
-1
5
4
2
5
5
1
4
7
6
8
10
10
6
5
3
3
3
2
6
6
3
5
7
5
6
4
3
3
0
3
3
4
4
3
3
5
3
4
7
3
-1
-2
-5
-5
-2
2
-1
0
2
1
-1
-3
-2
-2
-4
-4
-4
-3
-2
-2
-3
-3
-6
-7
-10
-11
-6
-5
-7
-7
-5
-6
-7
-8
-9
-8
-6
-6
-9
-7
-4
-5
-4
-7
-12
-11
-13
-14
-10
-5
-6
-9
-5
0
-2
-3
-4
-6
-9
-10
-8
-5
-2
-1
-1
0
-1
-3
-4
-5
-1
1
-2
2
3
2
3
-1
0
3
2
4
6
7
8
6
5
8
5
3
4
5
7
8
7
6
5
4
8
13
10
7
9
8
5
6
8
8
7
6
8
9
5
9
8
6
6
3
3
5
6
4
6
6
4
3
2
2
4
3
2
0
3
7
3
1
0
2
1
-2
-2
-3
-2
-3
-1
-1
-1
1
-1
-1
0
-2
1
1
-3
-2
-4
-3
-2
-5
-3
-5
-6
-7
-8
-6
-4
-3
-1
-1
-4
-2
0
-2
-5
-5
-4
-4
-6
-7
-4
-1
-5
-6
-7
-10
-6
-8
-8
-1
0
2
-2
-2
-3
-6
-6
-6
-3
-3
-2
-1
-4
-4
-4
-9
-8
-7
-5
-2
0
1
1
0
-2
-1
0
-1
1
1
2
1
0
-4
-5
-1
-4
-5
-2
-1
2
5
2
4
8
4
4
7
7
3
-2
-3
0
-1
0
4
4
3
4
3
1
6
5
7
11
5
3
4
1
3
2
0
3
2
5
7
4
2
3
3
0
0
1
2
4
6
4
-1
2
3
5
4
2
3
-2
-4
-1
-4
-3
-1
0
3
2
2
1
2
3
4
3
2
1
-3
-6
-6
-6
-5
-5
-4
-3
-1
1
3
4
4
3
3
0
1
3
-2
-2
0
-3
-6
-6
-6
-5
-4
2
1
-1
1
2
3
3
4
5
0
3
4
0
0
1
-1
-4
-2
-1
-1
-6
-4
-1
-4
0
4
1
3
7
7
6
3
-2
-1
0
1
-1
-4
-6
-6
-8
-10
-8
-8
-3
2
2
4
6
5
3
1
-2
0
2
-3
-6
-7
-10
-9
-11
-7
-3
-6
-4
-4
-4
-3
-2
1
1
1
0
-1
0
-5
-6
-6
-8
-4
-5
-3
-4
-8
-5
-6
-5
-1
-1
1
5
6
5
4
2
2
0
1
3
0
1
-2
-4
0
-1
3
5
6
5
5
9
12
8
8
8
6
8
9
7
4
3
2
1
2
5
7
7
8
9
9
10
10
9
10
7
7
5
4
5
6
5
-3
-5
-1
0
-1
1
8
6
6
6
6
7
5
0
-4
-1
0
-1
0
-4
-6
-6
-7
-7
-6
-3
-2
-2
-2
0
4
3
-2
-1
-1
-3
-3
-5
-6
-7
-9
-9
-13
-13
-10
-9
-4
1
-1
-2
-1
1
-1
-3
0
-3
-3
-4
-7
-6
-8
-14
-14
-12
-10
-6
-4
-7
-5
-3
-4
-3
-5
1
2
3
1
-2
-1
-5
-7
-6
-6
-7
-9
-6
-3
-6
-10
-7
-5
1
5
7
14
13
5
5
4
4
1
-5
-2
1
3
3
3
-1
0
5
6
9
10
9
14
15
11
12
12
7
10
11
6
8
9
9
7
5
6
3
1
2
2
7
9
8
9
12
11
6
5
5
3
1
1
4
2
0
2
-6
-10
-8
-10
-8
-4
-2
2
3
0
-1
-2
-4
-7
-8
-7
-6
-5
-5
-9
-10
-10
-7
-7
-10
-11
-8
-8
-7
-2
-3
-4
-3
-5
-3
-3
-4
-2
0
-4
-3
-4
-3
0
0
-1
0
0
-2
-1
0
-1
1
3
1
3
7
9
10
8
4
2
0
0
1
3
1
1
2
3
6
2
1
3
1
3
6
7
5
4
3
-1
0
2
-2
1
-2
-4
-3
-2
1
1
-1
-5
-3
1
-1
1
0
-2
-1
-3
-4
-1
3
1
-3
-2
-6
-6
-5
-7
-7
-6
-7
0
2
2
4
0
-1
1
-2
-2
0
-2
-1
-3
-5
-5
-7
-4
-4
-5
-2
2
4
2
0
-1
-2
-2
-2
3
2
0
4
0
-5
-1
-3
-6
-7
-8
-8
-1
1
1
1
0
2
6
5
3
2
-1
0
2
-1
-2
-2
-3
-3
-3
-2
-4
-3
0
1
8
9
8
11
6
1
3
3
2
3
1
4
7
5
1
0
0
-1
1
4
7
9
4
4
10
5
2
7
9
8
8
7
3
-1
-5
-7
-4
-1
-3
1
4
6
8
5
2
1
3
3
3
1
-1
-2
-3
-4
-6
-6
-5
-4
-4
-4
-2
-3
-3
-3
-5
1
2
-3
-4
-5
-7
-6
-5
-5
-6
-5
-7
-7
-6
-6
-5
-7
-8
-6
-4
-3
-6
-5
-2
2
0
-2
1
-3
-5
-12
-11
-9
-11
-7
-3
-1
0
4
3
0
-2
-1
-1
1
2
2
0
-3
-4
-3
-5
-3
0
2
4
4
5
5
6
5
5
6
3
3
4
2
2
4
4
7
9
5
7
5
5
7
2
1
-1
2
6
6
8
11
10
9
10
7
6
3
-2
-2
-2
-2
-2
0
2
6
5
2
4
3
1
0
1
1
-3
-3
-3
-4
-5
-8
-6
-5
-2
-2
-1
1
1
-3
-6
-9
-11
-12
-8
-3
-5
-5
-1
-3
-4
-6
-7
-3
-1
-5
-4
-1
-3
-4
-8
-6
-6
-7
-1
-2
-2
-1
1
3
0
1
1
-1
-2
-1
3
0
1
3
4
4
2
1
-3
-3
0
-2
-5
0
4
5
6
2
5
5
1
-2
2
3
-1
2
2
-1
-1
-2
-3
-5
-5
-9
-10
-5
1
2
5
11
8
5
3
1
-2
-2
-2
-3
-4
-7
-3
-2
-2
-1
-3
-1
-3
0
5
5
6
7
8
12
8
8
7
4
4
-2
-3
-1
-2
0
1
2
3
7
8
5
5
7
9
10
8
9
8
7
7
2
-3
-2
-4
-10
-9
-4
-4
-6
-2
2
5
2
2
1
0
1
-1
-1
-2
-2
-5
-9
-11
-12
-16
-13
-12
-13
-11
-7
-3
-2
-4
-2
-1
-3
-2
-2
-4
-6
-6
-5
-6
-5
-7
-13
-12
-7
-7
-5
-2
3
4
4
4
4
7
8
4
2
0
3
5
2
1
0
-2
-2
2
4
6
7
6
8
8
10
10
10
9
6
4
6
5
1
-1
3
3
6
5
-2
-1
-1
1
4
3
2
6
6
7
6
2
3
-3
-5
-3
-6
-6
-2
-3
1
5
-3
-4
-3
-1
2
4
7
7
1
-2
-2
0
1
-6
-12
-5
-4
-3
1
3
3
1
1
0
2
3
4
6
1
2
-1
-3
-1
1
-1
-4
-4
-4
-1
1
1
-2
-2
-1
0
-2
2
5
-1
1
2
-3
-3
-5
-8
-6
-6
-5
-1
-4
-6
-2
-2
-3
-2
1
0
1
1
-1
-2
-1
-5
-2
-2
-7
-5
-3
-4
-1
-1
0
1
-2
0
1
2
5
2
2
-1
-1
4
1
-1
1
-2
0
2
-2
-3
-1
0
2
4
6
6
5
3
0
1
1
-1
-1
0
-3
-2
3
3
0
3
4
4
0
1
1
1
1
-2
2
3
2
3
0
2
0
-3
2
2
3
1
0
1
0
0
3
6
2
3
2
2
3
1
2
3
0
0
3
1
-1
-2
1
4
-1
1
6
5
0
2
-1
-1
-2
-3
-4
-5
-3
-1
2
2
0
1
1
0
-2
-3
-7
-7
-5
-3
-4
-5
-5
-8
-6
-2
-2
-4
0
-1
-5
0
1
-6
-4
1
1
-4
-8
-4
-3
-5
-3
1
1
0
-2
-2
-2
1
6
8
7
7
4
5
7
4
4
5
6
3
1
0
0
-2
-3
0
4
9
9
8
13
11
8
9
7
6
3
0
-2
-7
-8
-6
-6
-4
-5
-3
-2
-2
-2
-1
3
2
-1
0
0
0
-3
-8
-7
-10
-11
-11
-12
-11
-17
-15
-11
-13
-11
-7
-5
0
1
1
4
0
-1
2
-2
-3
-4
-4
-6
-11
-11
-7
-7
-8
-5
5
8
9
13
16
15
14
13
12
9
8
9
8
9
4
4
4
-2
0
3
5
10
13
16
18
13
14
12
10
13
12
10
9
4
1
-1
-3
-8
-8
-7
-6
-2
1
0
0
5
7
5
6
0
-7
-5
-5
-7
-9
-9
-9
-10
-9
-7
-7
-13
-10
-10
-10
-6
-1
2
5
4
3
1
-2
-7
-5
-5
-5
-4
-8
-7
0
2
3
1
1
4
2
7
6
3
5
8
8
6
5
1
-3
-1
-4
-5
1
1
2
4
2
2
5
7
3
3
3
1
1
-4
-4
-6
-11
-7
-5
-6
-1
0
-3
-5
-4
-9
-5
-3
-3
0
0
-5
-6
-5
-6
-5
-2
-6
-5
-3
-6
-7
-8
-8
-2
2
7
9
6
4
4
3
1
2
3
1
1
3
6
4
6
5
4
5
6
10
9
6
9
7
10
11
5
7
6
7
6
1
5
3
4
7
8
8
9
4
0
-4
-2
0
-6
-2
-2
-2
1
1
0
-1
-2
0
-2
-2
-1
-4
-6
-8
-7
-6
-7
-3
-4
-8
-6
-12
-13
-12
-10
-4
-1
-2
4
4
0
-2
-4
-3
0
-2
-1
0
-4
-6
-6
-7
-7
-6
-6
-3
-2
5
9
6
7
9
11
14
11
5
5
5
0
0
-2
-5
-5
-3
-3
-4
2
6
3
10
11
8
12
8
6
5
2
2
2
-3
-4
-4
-4
-7
-9
-6
-3
-4
-4
-4
-4
1
3
2
3
2
1
0
0
-5
-5
-6
-8
-6
-8
-8
-6
-7
-4
-4
-4
-3
-3
0
0
1
2
4
2
1
2
1
-2
-2
-5
-3
-3
-4
-3
0
4
4
4
5
2
3
5
3
6
3
1
-3
-5
-4
-4
-2
1
0
5
9
6
7
6
2
-2
-3
-3
-1
0
1
3
0
1
3
1
-3
-3
-3
-1
1
4
8
8
9
5
-2
-3
-7
-5
-3
1
5
8
8
8
4
1
0
-5
-7
-2
1
5
5
5
8
5
2
1
1
3
-2
-2
1
-2
0
3
0
-1
0
1
-1
-3
0
0
-3
-5
-6
-6
-10
-9
-5
-1
0
2
3
-2
-2
-4
-2
-2
-5
-4
-3
-3
-2
-3
-6
-8
-6
-6
-7
-5
-4
1
3
5
7
6
11
10
6
3
1
1
1
-1
-6
-6
-3
-2
2
1
0
4
4
0
1
4
6
9
8
11
13
8
6
1
-5
-6
-6
-8
-9
-9
-10
-6
-2
-2
0
-3
2
9
6
4
4
-1
0
0
-2
-5
-7
-4
-5
-8
-7
-3
-6
-8
-5
-4
-2
2
5
6
6
11
9
7
5
4
7
5
2
2
3
3
5
0
-2
5
6
7
7
5
7
8
9
14
14
11
8
8
4
1
0
0
-2
-3
-2
0
2
3
4
5
2
1
-1
-5
-9
-11
-10
-9
-6
-4
-6
-3
-2
-3
-7
-9
-10
-10
-7
-6
-6
-7
-8
-12
-12
-10
-10
-8
-10
-9
-9
-9
-5
-2
-2
-2
-5
-2
5
1
0
-1
-2
1
2
2
-1
0
-2
-7
-4
-1
0
2
2
5
5
8
11
14
15
13
12
8
7
3
0
0
-2
-3
-4
-5
-3
-1
0
3
4
8
8
8
10
10
6
4
5
4
1
-6
-7
-8
-7
-5
-5
-7
-5
-3
-4
-2
2
1
5
10
10
8
7
5
0
1
2
0
-2
-2
-5
-3
-5
-5
-1
4
7
9
10
10
11
12
12
11
5
3
7
3
1
-1
-3
-2
-5
-3
-3
-4
1
2
5
7
5
5
4
4
2
-2
-5
-7
-9
-10
-11
-10
-13
-13
-12
-13
-12
-6
-4
-5
-2
-4
-5
-4
-4
-5
-6
-12
-10
-9
-13
-11
-13
-14
-12
-12
-6
-3
-3
1
5
5
5
8
5
3
5
1
-1
0
-1
1
-1
-3
0
0
2
5
9
11
12
11
9
9
12
15
11
8
8
5
2
1
0
-1
-4
-7
0
3
-2
4
6
5
7
5
5
7
3
1
-1
-7
-6
-4
-5
-7
-10
-7
-7
-6
-2
-3
-3
-1
0
4
5
2
3
1
1
2
1
-3
-4
-4
-3
-1
-1
-1
1
3
2
3
8
9
9
9
10
11
9
10
8
1
-2
-4
-1
-2
-2
2
4
6
7
8
8
5
6
4
3
4
3
1
-1
1
-1
-5
-6
-5
-6
-8
-6
-5
-4
-2
-1
-1
-2
1
3
0
-3
-4
-4
-5
-6
-6
-7
-6
-6
-8
-6
-7
-6
-3
-4
-1
2
1
1
2
4
3
1
0
-2
1
0
-3
-1
-2
0
-2
-2
2
0
5
6
1
6
5
1
3
-2
-1
0
0
2
-1
-1
2
4
2
2
1
-1
-1
-6
-8
-5
-4
-2
0
-2
-1
0
-3
-3
-3
-4
-5
-2
3
2
0
-4
-6
-4
-2
-3
-3
-1
-1
-4
-4
-4
-2
0
-1
3
2
-1
6
4
4
6
4
5
3
7
7
2
-1
-2
-5
-6
-1
3
3
3
6
6
7
7
8
10
8
5
3
1
0
-1
-5
-4
-4
-7
-4
-3
-3
-1
2
5
7
4
0
0
0
-2
0
2
0
2
-1
-4
-5
-6
-7
-8
-5
-3
2
5
4
5
5
8
7
8
7
6
4
1
1
-3
-4
-2
-2
-1
-3
2
5
2
3
8
12
12
9
11
10
7
6
3
-1
-4
-6
-9
-6
-7
-10
-7
-3
0
-1
2
5
3
3
2
0
1
-4
-5
-2
-7
-7
-10
-16
-16
-17
-17
-17
-11
-7
-5
-5
-5
-1
2
1
-1
-1
-4
-6
-5
-9
-12
-11
-12
-11
-11
-11
-11
-9
-7
-5
0
4
4
6
9
6
4
7
5
7
6
-1
-1
-3
-1
0
0
2
5
8
11
13
10
13
14
11
12
12
12
9
7
9
10
8
7
5
5
7
3
4
5
3
6
4
7
7
6
8
5
0
-1
-1
-1
-3
-1
-5
-5
-3
-3
1
-2
-3
-1
-4
-1
-2
-7
-3
-4
-5
-4
-3
-5
-7
-6
-5
-2
-2
-2
1
3
3
1
3
2
2
4
-1
-1
1
3
1
-3
-5
-1
-1
-2
0
2
3
3
7
7
5
3
3
2
-3
-3
1
-6
-12
-11
-9
-11
-9
-5
-3
-3
-6
-4
-4
-11
-4
-4
-7
-5
-5
-4
-10
-8
-6
-12
-11
-12
-13
-10
-7
-5
-6
-7
-2
-1
3
3
-1
2
5
8
7
3
6
6
4
5
1
-1
5
7
7
9
10
9
10
12
14
10
9
8
7
10
5
5
8
3
3
3
4
7
3
3
5
3
0
-1
-1
-3
-2
-2
-5
-5
-4
-4
-2
-1
0
-4
-5
-3
-3
-2
-5
-6
-5
-3
-2
-7
-7
-2
-4
-3
-4
-6
-4
4
5
6
7
4
6
6
4
5
5
5
3
3
4
3
0
0
-5
-5
-1
-4
2
6
6
11
11
6
5
6
5
2
2
0
-3
-4
-4
-7
-9
-9
-8
-8
-6
-2
-3
-2
2
4
3
7
7
0
-1
-4
-8
-8
-6
-5
-7
-10
-16
-14
-7
-4
4
5
3
5
8
10
11
12
14
11
8
5
1
-2
-3
-7
-6
-4
-7
-3
0
1
5
7
8
10
10
11
12
8
5
2
1
0
-5
-6
-10
-11
-6
-12
-14
-11
-9
-4
-1
-2
0
2
2
0
-1
-2
-5
-8
-14
-19
-18
-14
-14
-14
-11
-14
-15
-14
-13
-7
-4
-1
5
5
5
0
-4
-3
0
-3
-9
-6
-7
-10
-8
-3
3
5
6
9
8
10
12
12
12
12
10
10
11
11
10
9
7
4
6
9
11
13
15
14
14
16
17
20
15
11
13
10
12
10
5
4
2
1
1
-1
-1
-2
-3
-4
-3
0
6
3
2
5
3
2
0
-3
-5
-6
-8
-12
-12
-13
-10
-9
-10
-10
-9
-8
-8
-3
1
3
5
5
2
1
-2
-7
-6
-2
-2
-4
-4
-2
-2
-2
-1
-4
-5
-4
-4
-3
0
4
4
5
7
7
0
-3
-3
-7
-6
-8
-6
0
-5
-6
-4
-10
-11
-12
-14
-9
-4
-2
-1
-3
-8
-10
-8
-8
-7
-8
-8
-8
-9
-7
-5
-3
-3
-5
-7
-10
-12
-12
-11
-6
-2
-3
1
3
3
3
3
6
5
8
10
9
7
5
6
3
0
0
-1
4
7
15
18
14
12
11
12
13
11
14
16
13
12
13
11
5
2
5
0
2
7
4
9
12
13
11
7
8
6
4
3
-2
-6
-9
-10
-3
0
-2
-2
-2
-5
-5
-2
-3
-2
0
7
7
4
1
-2
-6
-7
-6
-4
-3
-4
-8
-7
-4
-6
-5
-5
-3
1
1
4
5
4
2
-1
1
5
0
-2
-3
-6
-8
-13
-15
-14
-10
-8
-6
-2
-5
-5
-2
0
2
4
5
3
2
-3
-3
-4
-5
-6
-9
-6
-8
-8
-11
-15
-11
-11
-8
-6
-3
0
6
7
4
7
3
0
-1
-9
-8
-6
-9
-5
-4
-2
2
2
2
3
6
7
5
7
10
11
14
11
7
5
1
-4
-5
-6
0
3
3
5
5
6
10
11
12
15
15
10
8
8
3
1
0
-3
-4
-4
-4
-1
-4
-5
-1
0
3
3
2
5
6
5
5
1
-8
-10
-16
-22
-18
-16
-16
-13
-9
-6
-2
0
2
6
8
6
6
6
4
2
0
-1
1
0
1
-1
-4
-4
-3
0
2
5
5
4
5
6
6
3
5
6
7
9
9
9
4
4
5
2
2
2
10
12
7
8
5
5
5
3
4
4
3
3
2
2
1
1
-3
-3
-4
-8
-5
-7
-10
-6
-7
-8
-7
-7
-6
-5
-7
-8
-9
-8
-9
-12
-13
-14
-13
-14
-11
-6
-7
-6
-5
-4
-3
-4
-1
1
1
2
-1
0
0
-1
-1
-4
-4
-3
-2
-4
-6
-1
2
3
5
8
13
15
16
15
13
11
6
2
0
-4
-5
-3
-3
-4
-3
-3
-3
0
3
4
7
6
7
3
-4
-3
-4
-7
-8
-11
-10
-9
-8
-6
-4
-5
-3
-1
0
4
3
7
7
2
2
1
3
2
-3
-2
-3
-2
1
1
2
1
3
8
8
9
9
9
9
7
6
6
4
5
9
9
11
14
15
20
18
12
15
16
13
14
14
14
9
6
3
-3
-4
1
0
-2
-1
-4
-3
-2
-8
-10
-13
-13
-14
-14
-14
-15
-14
-13
-13
-8
-7
-6
-2
-3
-7
-6
-4
-9
-12
-11
-13
-14
-11
-10
-6
-7
-9
-9
-6
-4
-3
4
7
5
4
5
3
-3
-4
-4
-7
-7
-2
-1
2
4
2
0
0
1
-1
3
8
7
8
8
7
6
6
5
2
6
3
1
1
-2
1
0
-5
-2
-2
-3
-3
0
0
-3
0
0
-3
-1
0
1
1
-3
-1
0
0
4
4
4
2
-4
-7
-4
-6
-7
-4
2
3
4
4
5
12
11
12
11
9
9
5
2
1
-4
-2
-1
-2
0
1
4
6
8
11
12
14
16
17
19
18
9
2
0
-2
-4
-5
-7
-8
-6
-4
-6
-8
-2
-2
-1
4
2
-3
-7
-7
-9
-9
-6
-12
-12
-14
-15
-13
-9
-2
-1
-1
3
4
4
4
5
4
0
1
-1
-4
-3
-7
-8
-8
-9
-9
-11
-7
1
5
5
4
7
6
6
7
3
1
2
2
1
3
4
0
1
0
2
2
1
8
11
9
11
9
7
8
10
9
5
3
4
1
2
-4
-5
-4
-5
-6
-5
-2
-3
-5
-2
1
1
1
0
3
4
6
9
6
2
-2
-7
-10
-14
-15
-18
-17
-16
-17
-13
-11
-8
-3
1
5
5
8
9
6
4
3
2
1
0
-1
2
3
-2
-4
-2
0
2
1
5
8
10
12
13
12
7
2
-2
-8
-9
-12
-13
-12
-8
-1
1
2
4
2
1
3
3
7
7
5
0
-4
-7
-11
-10
-8
-9
-6
-3
-6
-7
-8
-8
-2
0
-3
2
6
0
0
0
-4
-3
2
8
9
5
3
3
3
2
7
7
3
6
10
10
7
6
5
4
3
2
4
5
4
1
0
1
4
6
6
10
6
3
6
5
4
-3
-5
-2
-1
-2
0
-1
-1
0
0
2
7
6
7
5
-1
-5
-6
-9
-14
-12
-10
-12
-12
-7
-6
-4
-3
0
7
4
7
8
4
5
3
3
4
7
10
6
2
0
-5
-7
-4
-5
-4
-1
-4
-3
-5
-3
-4
-5
0
0
1
3
-2
-5
-8
-9
-6
-3
-2
-3
-3
-6
-5
-1
-1
-2
0
5
4
0
1
5
5
4
3
3
0
-1
-5
-7
-2
-4
-2
2
2
-2
-4
-5
-6
-8
-11
-9
-3
1
1
2
4
1
1
2
2
4
5
7
8
5
7
5
6
11
11
6
4
1
-4
-4
-5
-10
-6
-4
-6
-4
-1
3
2
5
9
7
9
13
14
14
14
13
7
4
1
-2
-2
-2
-3
-2
3
0
-1
2
-1
-2
-3
0
-2
-5
-5
-8
-10
-11
-14
-16
-16
-16
-15
-10
-6
-3
-2
1
3
2
6
7
6
3
1
2
0
0
-3
-6
-9
-9
-10
-9
-11
-10
-8
-8
-3
-1
1
3
0
-3
-5
-5
-3
0
6
8
12
10
10
12
10
11
12
15
13
12
10
3
5
7
1
3
2
5
8
0
1
0
0
0
-4
-4
-6
-5
-1
-4
-1
0
-3
-3
-1
2
3
-1
-1
0
1
3
-1
-3
-2
-6
-2
-2
-6
-5
-4
-2
-2
0
0
-4
-3
0
-2
-2
-1
3
1
3
3
1
3
1
0
1
1
5
10
9
7
7
12
9
2
5
2
-7
-7
-10
-14
-13
-10
-8
-3
0
0
-1
-4
-6
-5
-4
-2
-1
-3
-5
-7
-8
-7
-6
-5
-4
-2
1
0
0
0
0
1
2
7
4
-1
-1
-1
-6
-8
-9
-11
-11
-9
-7
-5
-4
-3
0
1
1
6
6
6
5
1
2
4
3
3
2
3
-1
-3
-1
-2
-1
3
10
14
18
16
15
11
9
9
7
3
-1
0
0
1
2
0
1
8
12
10
8
6
6
0
-4
-3
-8
-8
-3
-4
-2
0
-7
-3
-2
-5
-4
-3
3
1
-1
2
-3
-8
-9
-9
-5
-5
-3
-2
-3
2
-1
-2
2
0
0
3
4
3
-1
-3
1
3
0
0
2
-4
-4
-3
-8
-6
-7
-7
-4
-1
2
2
0
0
4
3
-1
-1
0
-2
0
2
2
6
6
0
-1
-3
-4
-2
-1
-1
0
-2
-3
-6
-9
-7
-5
-7
-6
-5
-4
-5
-8
-6
-5
-2
-2
-1
2
-1
0
-1
-3
1
-1
0
7
6
8
8
9
10
5
4
6
2
2
3
3
3
-1
1
1
0
3
0
4
9
10
13
15
12
8
6
3
2
0
-3
-3
-4
-1
0
2
-1
-1
2
-2
-2
-3
-7
-6
-6
-11
-12
-14
-13
-18
-19
-14
-8
-5
-8
-5
0
2
5
9
12
8
8
5
1
0
0
2
0
-2
-1
-4
-4
0
0
3
8
8
5
3
0
-1
-1
-2
1
4
4
5
0
1
3
-1
3
4
5
8
9
8
9
6
5
6
6
4
5
3
-2
0
2
1
0
-1
-2
-2
-1
-1
-4
-9
-8
-10
-10
-6
-4
-4
-3
-4
-2
-2
-4
-3
-4
-1
-3
-3
-1
-4
-7
-5
-2
-2
-1
-2
-1
-2
-2
2
2
2
3
4
3
1
4
5
2
2
2
1
1
3
3
4
4
2
2
1
0
0
-3
-5
-5
-3
-2
-3
-2
1
1
3
4
2
4
0
0
4
1
0
-1
-6
-5
-9
-13
-15
-12
-8
-8
-9
-7
-7
-4
-3
-3
4
4
1
-1
-3
-5
-7
-5
-8
-11
-10
-13
-12
-7
-6
-2
0
5
8
8
12
13
12
11
9
5
5
6
3
6
5
7
10
12
12
13
15
14
15
16
15
13
12
10
7
5
4
6
4
4
3
-1
2
4
7
5
-1
1
-2
-7
-6
-9
-12
-13
-11
-10
-10
-9
-10
-9
-5
-1
4
8
8
7
6
6
1
-1
-3
-3
-2
-2
-2
-1
2
1
0
2
1
1
4
5
4
1
1
-3
-4
-5
-7
-11
-12
-13
-17
-14
-15
-17
-13
-9
-3
-2
3
4
4
6
7
10
12
9
10
8
2
-1
-6
-10
-10
-10
-13
-12
-5
-2
3
6
2
4
3
-1
1
1
-3
-4
-2
-6
-7
-7
-7
-8
-6
-4
-5
-4
0
3
5
14
20
18
18
14
7
9
10
5
4
1
-4
-7
-10
-12
-12
-10
-11
-7
-2
-2
1
5
10
13
11
14
19
14
11
6
1
0
-3
-4
-4
-3
-1
1
4
6
10
10
12
16
15
14
13
11
7
0
2
1
-5
-9
-12
-18
-17
-14
-15
-11
-5
-3
1
8
8
11
14
8
8
7
-2
-4
-6
-9
-12
-16
-18
-16
-13
-11
-3
3
4
6
3
0
-1
-5
-5
-4
-3
-4
-2
-3
-3
-1
-2
-2
-1
3
5
6
11
16
14
14
14
11
9
7
3
3
-2
-5
-5
-8
-8
-8
-8
-7
-6
-7
-7
-4
-3
1
3
6
6
4
5
3
1
-2
-6
-2
-6
-11
-11
-12
-9
-9
-9
-6
-7
-8
-8
-6
-4
-1
-1
-2
-2
0
-1
-3
3
4
1
1
-2
-3
-3
0
0
3
8
8
9
14
17
17
14
12
5
0
-1
-4
-4
-4
-1
-1
-1
-2
0
-2
-5
0
3
2
1
2
0
-1
-1
-3
-4
-6
-5
-1
-1
1
4
3
6
7
7
9
9
8
8
7
3
3
2
0
1
0
2
0
-3
2
2
4
8
9
12
11
12
6
6
9
6
4
4
1
-1
4
2
7
8
6
10
10
10
9
11
11
5
1
-3
-4
-8
-9
-8
-11
-8
-7
-7
-4
-3
0
0
-3
-6
-12
-14
-16
-17
-13
-13
-17
-11
-8
-10
-9
-8
-5
-5
-8
-8
-8
-7
-10
-14
-10
-10
-8
-8
-7
0
0
-1
2
4
4
6
6
7
8
7
5
3
0
1
-3
-3
-4
-2
-3
-5
-1
-2
-6
-9
-6
-5
-2
4
5
5
3
2
4
2
3
3
1
2
6
7
7
9
7
7
7
10
7
5
7
6
3
0
-3
-6
-7
-8
-8
-8
-9
-7
-7
-9
-8
-3
-1
3
4
1
2
5
9
10
12
12
10
11
10
7
10
8
4
6
9
9
9
6
8
12
8
5
8
7
10
10
9
12
12
9
8
5
6
5
6
5
0
-1
-3
-2
-2
3
6
3
7
6
0
4
0
1
3
-5
-9
-12
-15
-21
-24
-25
-27
-27
-22
-19
-17
-13
-10
-8
-7
-3
0
-2
0
-2
-6
-2
-3
-8
-8
-8
-10
-9
-10
-11
-9
-6
-5
-7
-8
-7
-6
-4
-7
-7
-5
-3
1
5
8
7
7
7
6
7
8
10
17
22
17
14
12
9
10
6
3
9
5
-1
1
2
1
1
0
1
-2
1
-1
-3
-2
-3
1
1
-2
-1
-1
3
4
0
-1
0
1
-1
2
3
4
4
1
5
6
3
2
0
2
2
0
2
2
-4
-4
-4
-7
-3
-3
-6
-3
-3
-2
-4
-6
-2
0
0
2
5
4
5
6
5
3
-3
-5
-3
-5
-5
0
3
6
8
10
11
7
7
5
4
3
1
2
2
0
-4
-7
-4
-2
-1
-1
3
4
5
6
9
10
5
8
8
0
3
2
-4
-1
-5
-10
-7
-11
-13
-11
-9
-3
-2
-3
-2
-1
-1
-3
-4
-5
-3
-1
-5
-9
-8
-9
-6
-1
-3
-1
4
3
2
5
5
5
5
3
4
1
-1
-4
-9
-8
-5
-4
-6
-1
1
-2
0
2
0
0
-2
-1
-4
-7
-7
-8
-6
-2
1
4
1
-2
1
-4
-1
2
1
4
7
9
4
3
2
2
2
4
5
0
0
2
-1
-2
1
3
4
5
7
5
5
8
6
8
8
6
5
5
6
3
-2
-4
-4
-1
-1
-5
-2
1
-2
-1
1
1
1
3
2
0
3
3
6
9
4
1
0
-2
-3
-2
-3
-7
-2
3
1
-5
-7
-4
-4
1
-2
-4
-4
-8
-9
-8
-9
-11
-11
-10
-7
-2
1
3
8
12
15
18
18
17
18
16
12
8
5
3
-2
-4
-4
-6
-7
-7
-1
0
1
5
6
7
8
13
10
6
8
5
-3
-5
-10
-14
-14
-14
-10
-7
-9
-7
-5
-5
-1
0
1
1
-1
-3
-8
-8
-8
-10
-14
-19
-17
-18
-18
-13
-10
-7
-3
-1
1
1
4
4
5
5
4
5
0
-1
-2
-6
-8
-9
-10
-11
-7
-6
0
3
5
10
7
3
0
-1
0
-1
-3
-2
-1
5
9
4
3
2
1
6
8
11
15
15
11
9
12
11
11
9
8
9
6
5
6
4
2
2
0
-2
0
0
2
5
1
0
2
3
1
2
1
0
0
-1
-5
-8
-10
-13
-17
-13
-13
-16
-14
-8
-4
-4
-3
-1
5
7
4
4
2
3
6
7
4
2
2
3
3
3
1
0
3
7
11
12
12
16
20
18
14
13
10
5
3
0
-2
-3
-4
0
4
1
4
6
6
5
5
7
6
2
1
-5
-12
-15
-13
-13
-12
-13
-17
-12
-8
-7
-6
-9
-9
-1
1
-1
-3
-10
-17
-16
-15
-13
-10
-11
-8
-8
-10
-8
-7
-4
-3
-1
5
3
1
0
-3
-3
-4
-6
-4
-4
-6
-1
4
5
5
6
5
6
8
8
7
7
5
2
0
1
4
-1
2
2
0
4
3
6
11
8
11
10
2
-1
-4
-10
-8
-7
-9
-7
-3
-2
-5
0
-3
-4
2
6
6
4
8
9
6
6
3
4
3
4
5
2
6
9
6
4
4
6
5
6
8
5
2
4
4
1
3
3
-3
-2
-1
-4
-4
-4
-6
-10
-6
-8
-7
-4
-1
1
4
11
8
3
3
6
6
4
6
9
12
10
5
3
2
-1
-3
-4
-2
-4
-3
-5
-7
-3
-3
-2
-2
-1
5
6
3
-1
-3
-7
-7
-12
-14
-11
-8
0
1
4
6
6
9
10
8
5
3
1
2
-4
-7
-12
-10
-6
-9
-7
-6
-7
-2
3
2
4
8
9
7
3
4
0
-4
-3
-8
-6
-4
-8
-5
-2
-3
-3
-3
-5
-3
-3
-3
-3
-2
-5
-8
-6
-6
-8
-9
-13
-14
-16
-14
-11
-6
2
2
5
8
11
12
10
8
6
2
-2
-3
-1
-1
1
-3
-3
1
-2
-2
-2
3
5
-1
5
7
3
5
4
3
3
6
12
12
8
5
8
13
11
15
12
9
13
14
11
11
8
4
5
8
7
5
6
5
3
3
3
3
0
0
-1
-3
-6
-4
-1
-2
-1
-1
-6
-5
0
2
0
-1
-2
0
-3
-8
-7
-12
-12
-12
-11
-13
-15
-10
-7
-7
-6
-1
1
2
2
-2
-2
-4
-4
0
1
3
-1
-4
-4
-4
-8
-8
-6
-2
2
3
2
5
6
7
3
0
-2
-4
-5
-6
-6
-5
-1
2
0
5
9
9
8
7
6
4
2
0
-2
-5
-7
-7
-8
-8
-12
-10
-9
-8
-4
-2
-2
0
3
1
0
-1
-4
-4
-6
-6
-4
-8
-4
-5
-3
-2
2
5
2
7
11
9
9
8
7
9
7
2
0
-2
-2
-2
0
4
4
7
10
12
13
16
16
12
13
9
5
3
2
0
1
3
6
9
12
11
9
13
12
9
4
-1
-1
-5
-7
-10
-10
-7
-9
-9
-8
-6
-3
-6
-7
-1
3
3
4
2
0
-1
-4
-7
-7
-6
-6
-4
-4
-4
-4
-6
-6
-6
-8
-8
-9
-4
1
-6
-9
-6
-6
-4
-4
-6
-9
-13
-7
-4
-3
-4
-5
-1
-3
3
7
4
8
8
6
8
9
7
5
6
7
7
7
5
3
-2
-7
-4
-10
-11
-7
-8
-5
-8
-5
-5
-8
-5
-6
-4
2
2
1
4
1
1
1
-2
-5
-8
-6
-4
-4
1
7
10
11
17
22
20
16
11
6
4
-1
-4
-8
-11
-12
-11
-9
-13
-9
-5
-4
3
2
9
15
17
20
19
17
13
12
7
1
-4
-9
-11
-10
-8
-3
3
2
3
3
2
4
1
0
-3
-5
-2
-3
-5
-7
-10
-10
-5
-3
-5
-8
-5
-5
-4
-1
5
8
10
12
8
5
5
5
2
2
5
1
-4
-3
-7
-6
-3
-3
0
4
1
-4
-5
-3
-1
-1
-1
2
4
3
3
0
-2
-1
-1
1
1
4
4
4
4
2
0
-1
-1
3
5
3
3
4
3
3
0
-4
-8
-13
-19
-24
-23
-21
-19
-12
-4
-5
-1
6
10
14
17
18
16
13
12
8
5
3
-5
-10
-10
-11
-17
-15
-12
-9
-4
-3
4
12
11
14
16
11
6
5
4
1
-2
-2
-2
-4
-10
-10
-6
-7
-3
0
0
4
5
6
6
4
4
2
-4
-3
-1
-1
-2
-4
-7
-7
-9
-11
-8
-5
-4
-4
-5
-8
-11
-8
-6
-7
-2
1
1
5
4
3
8
9
10
7
6
7
2
-2
2
1
-2
-1
2
5
5
5
8
10
9
10
9
8
9
9
6
4
8
8
5
4
1
-3
0
3
8
13
14
14
14
19
20
13
12
7
2
2
-3
-8
-11
-12
-8
-6
-6
-4
-7
-8
-3
-6
-7
-8
-10
-6
-9
-13
-15
-16
-14
-12
-9
-8
-8
-4
-2
-5
-3
-1
-2
0
5
6
3
0
1
2
2
4
2
6
4
2
3
-1
0
1
0
1
0
-2
-2
0
-2
-1
2
1
1
-1
-3
-1
-1
0
2
0
-2
-2
-5
-4
-3
-4
-5
-6
-7
-6
-5
-6
1
5
-2
0
1
-1
-3
-3
-1
-3
-6
-7
-10
-10
-6
-7
-5
-2
-3
-1
2
1
-3
-3
-1
4
1
-4
-4
-5
-3
-1
2
7
12
16
17
16
14
14
14
11
10
9
4
1
-1
-1
-5
-8
-10
-9
-6
-6
-4
2
5
12
18
16
16
16
12
9
4
1
3
-4
-6
-6
-7
-3
-1
2
5
5
7
2
3
6
6
7
5
5
6
0
-2
-7
-17
-19
-18
-19
-15
-16
-15
-8
-11
-10
-5
-3
0
1
0
2
0
-2
0
-2
-3
-3
-3
-3
-1
-5
-5
-4
-6
-4
-4
-3
-2
-1
0
-1
3
3
3
3
4
6
5
2
2
1
0
1
0
-2
2
8
5
6
8
7
11
11
11
11
9
7
4
4
6
3
1
-2
-8
-8
-8
-3
-2
1
6
3
0
0
-4
-4
-7
-5
-1
-4
-9
-9
-13
-18
-15
-14
-15
-11
-9
-6
0
-1
-1
-1
2
5
2
2
-4
-5
-3
-6
-5
-4
-3
-5
-5
1
1
5
9
6
8
12
6
4
2
-3
-1
-2
-4
-3
-2
-1
1
-1
0
3
7
6
9
8
9
11
5
0
0
-4
-6
-4
-3
-2
-2
-1
-1
1
7
8
7
8
7
9
9
8
6
4
9
9
6
4
3
4
0
3
6
1
4
5
4
5
3
4
3
1
2
2
-4
-5
-2
-2
-1
2
0
3
3
2
0
2
3
4
3
0
0
-1
-1
1
-2
-4
-3
-3
-6
-2
2
2
3
1
3
0
-7
-8
-12
-16
-15
-13
-12
-12
-10
-9
-9
-10
-10
-10
-6
-2
-2
0
-4
0
2
0
3
1
-1
0
2
-1
-2
0
1
2
5
4
3
3
1
2
1
-3
-2
-4
-5
-1
-4
-6
-7
-9
-7
-4
-7
-6
0
0
-2
-3
-1
0
0
5
6
4
6
7
9
10
11
12
11
11
7
3
3
-1
0
2
1
1
-1
-3
-2
-3
-4
-3
-2
1
1
-3
1
5
3
1
-1
1
3
3
3
7
10
9
12
12
11
13
11
10
9
10
8
2
2
0
-2
-5
-9
-7
-6
-7
-4
-2
0
5
7
7
6
3
-2
-1
1
-1
-4
-6
-7
-6
-4
-7
-4
3
0
7
9
3
2
1
-7
-6
-7
-10
-12
-16
-16
-14
-18
-17
-18
-17
-13
-13
-13
-11
-7
0
6
7
6
4
2
2
6
2
0
1
1
0
-1
-1
0
2
4
8
8
5
5
0
0
6
9
10
10
11
11
9
8
6
5
7
6
6
7
8
11
8
7
7
7
8
7
6
5
6
8
7
5
7
6
5
3
-7
-9
-11
-16
-16
-14
-11
-12
-9
-8
-8
-3
-3
-3
-8
-10
-7
-7
-4
-3
-7
-6
-4
-4
-6
-4
-3
-6
-5
-5
-5
2
3
7
9
8
12
7
2
4
2
-4
-5
-2
-2
-3
0
1
1
1
4
5
2
5
5
0
-3
-4
1
3
4
6
8
7
2
-1
-4
-2
3
-1
0
2
-2
-7
-11
-12
-9
-9
-7
-4
-2
2
2
0
4
2
2
5
1
1
0
0
-1
-5
-6
-7
-7
-5
-6
-3
-1
-3
1
3
3
3
0
5
6
3
4
2
-5
-5
-3
-1
3
3
6
9
9
11
13
14
13
14
11
11
9
6
5
5
7
7
6
5
3
2
2
0
0
1
1
1
1
0
-4
-11
-13
-14
-14
-11
-10
-9
-8
-6
-4
-2
1
2
1
1
1
-2
-4
-8
-7
-5
-2
-1
1
4
2
1
-2
-4
-1
1
6
7
6
12
8
3
-1
-6
-6
-6
-7
-4
-5
-6
-7
-4
-3
-5
-3
2
2
2
3
4
3
3
3
5
0
-3
-2
1
0
-3
-2
-5
-5
-2
-1
-1
-1
1
-2
-1
-1
-5
-4
-9
-12
-6
-6
-8
-5
-6
-5
-4
-4
-5
-8
-7
-5
-1
5
6
8
11
14
13
16
17
16
14
9
10
10
8
8
9
10
6
6
4
2
3
3
2
-2
-3
-1
-1
1
4
4
2
2
1
-2
-3
-6
-5
-3
-3
-4
-5
-6
-6
-2
-2
-7
-4
-1
-7
-5
-3
-5
-4
-5
-6
-4
-6
-9
-6
-2
0
0
2
4
3
3
6
5
1
2
0
3
5
5
8
5
0
2
4
3
4
4
6
5
1
1
-3
-8
-5
-9
-9
-1
-1
1
-1
-3
-5
-3
5
8
7
8
8
5
3
-1
-5
-8
-8
-7
-4
-1
4
6
4
4
3
6
5
0
-4
-7
-10
-9
-5
-5
-7
-6
-6
-10
-10
-9
-9
-3
1
3
7
9
11
10
10
10
6
2
-3
-8
-5
-4
-9
-6
-1
-1
-1
1
4
6
8
9
7
8
5
2
2
-2
-2
-4
-8
-8
-11
-11
-7
-7
-3
3
5
4
2
5
7
7
5
4
6
5
4
3
2
3
-1
-8
-10
-11
-11
-10
-11
-12
-9
-7
-6
0
0
-4
-1
4
5
4
7
10
9
8
3
-2
-1
1
0
-2
-2
1
6
6
4
9
13
10
13
9
9
8
7
3
-6
-6
-8
-9
-9
-11
-9
-7
-6
-5
-1
3
9
14
15
17
18
20
18
11
10
6
2
3
3
0
3
7
7
8
6
8
7
2
1
0
-3
-12
-12
-11
-14
-11
-10
-13
-15
-11
-12
-15
-14
-9
-5
-4
-5
-3
-1
-3
-2
1
0
0
2
3
1
-2
-3
-4
-5
1
3
2
5
2
-3
-2
-2
-3
-5
-7
-9
-12
-15
-12
-12
-12
-10
-12
-11
-10
-11
-1
4
2
6
4
7
8
6
6
5
7
4
4
0
-5
0
2
3
5
4
6
7
6
9
6
3
0
-1
0
2
3
3
-1
-1
-1
-1
2
3
4
1
2
6
4
5
8
10
12
9
6
3
-1
-3
-8
-8
-9
-11
-10
-10
-9
-9
-7
-5
-7
-4
-1
1
6
9
6
6
9
11
9
8
6
1
-2
-4
-1
-3
0
5
9
14
17
17
14
13
11
5
2
3
1
4
2
-3
-9
-14
-16
-17
-16
-10
-7
-4
2
6
10
17
17
16
14
10
6
-2
-10
-11
-14
-13
-15
-15
-17
-19
-18
-12
-9
-4
-1
-2
0
1
0
-2
-6
-7
-7
-9
-10
-12
-13
-11
-8
-4
3
5
7
13
15
14
11
10
7
3
3
0
0
-1
-4
-4
-8
-6
-4
-1
0
0
5
-3
0
4
-4
-2
-3
-6
-1
0
2
3
0
-1
-4
-3
-3
-5
-1
-3
-3
-3
-2
-2
1
4
2
8
9
8
7
9
7
5
6
0
-1
2
2
3
-2
1
4
3
7
5
6
14
10
11
11
6
5
1
-4
-7
-9
-9
-6
-1
4
2
1
1
-1
3
5
7
6
1
4
2
-1
-2
-7
-6
-7
-10
-6
-8
-10
-6
-6
-6
-1
3
5
7
8
3
-2
-5
-5
-1
-3
-3
-1
-4
-5
-3
-3
-3
0
6
5
3
8
8
10
10
7
10
9
5
7
7
3
2
5
3
6
7
5
6
6
3
5
6
3
1
-1
-2
-4
-3
-6
-1
1
1
7
6
6
5
4
-1
-7
-9
-14
-16
-17
-19
-19
-17
-16
-17
-16
-12
-11
-8
-5
-5
-4
-3
-3
-3
-6
-11
-11
-13
-15
-14
-15
-12
-8
-5
-3
-1
0
2
7
10
13
13
10
5
4
4
6
7
4
2
-4
-9
-7
-7
-9
-3
0
2
3
8
14
11
15
15
14
12
12
16
14
13
15
10
6
5
4
4
5
7
10
10
7
6
5
2
-1
-3
-3
-6
-6
-7
-10
-8
-9
-7
-6
-5
-4
-4
-4
-4
-1
5
10
9
10
12
9
9
9
7
5
5
4
-1
3
1
-2
-3
-1
1
1
2
5
6
5
9
5
4
6
7
9
4
2
0
0
-1
-2
-2
-6
-6
-4
-3
-4
-6
-1
1
0
-1
-4
-5
-6
-11
-16
-17
-18
-19
-21
-17
-15
-17
-15
-10
-4
0
5
10
10
10
8
7
5
1
1
-2
-4
-3
-6
-9
-10
-12
-14
-8
-5
-1
3
3
4
2
-2
0
-4
-7
-5
-8
-5
-7
-10
-5
-2
-4
-2
6
8
7
9
10
9
6
5
10
9
6
10
11
10
11
10
3
-3
-2
-4
-8
-5
-8
-10
-9
-5
-2
1
2
5
8
8
12
7
4
7
6
4
4
2
2
3
-1
-1
2
2
4
5
5
7
5
4
5
4
7
5
5
2
3
3
-3
-1
-1
-5
1
3
3
6
6
6
12
10
10
9
6
6
4
5
1
1
2
1
3
4
3
3
5
0
-2
0
0
-3
-8
-7
-9
-13
-9
-11
-12
-8
-7
-3
-5
-4
-7
-10
-10
-5
-4
-5
-2
-8
-11
-8
-9
-11
-13
-9
-6
-5
-3
-6
-6
-5
-5
-2
0
3
2
-1
0
-3
-1
1
-4
0
-1
1
3
2
3
4
7
11
12
11
14
14
10
10
4
1
0
1
1
0
0
2
7
9
5
2
2
-1
-3
-3
-7
-8
-12
-15
-13
-14
-11
-10
-6
-3
-5
-4
-5
-3
-4
-4
1
1
2
2
1
6
1
-2
-2
-3
1
2
3
10
9
10
12
8
5
6
4
1
0
-3
-4
-4
-4
-4
-4
-3
-3
-4
-4
-5
-3
0
-4
-6
-1
2
4
5
4
6
5
4
6
8
7
8
9
10
11
11
5
1
3
7
6
3
3
2
2
2
-3
-6
-3
2
0
3
4
0
1
-1
-2
-7
-7
-2
-4
-1
6
5
5
9
9
7
10
8
5
6
2
1
0
-2
1
-2
-3
-4
-2
0
-4
-2
-2
2
2
0
2
3
4
4
3
0
-2
-2
-3
-4
-6
-6
-6
-9
-10
-8
-8
-7
-3
-3
-7
-9
-8
-9
-16
-15
-14
-12
-12
-17
-12
-9
-10
-9
-5
-1
-3
-4
-5
-5
-4
-5
-2
-1
-5
-7
-8
-9
-12
-13
-9
-8
-6
-3
-1
1
0
-3
-6
-4
-4
-7
-7
-6
-3
2
9
10
10
14
13
12
12
9
10
10
11
10
9
9
3
4
4
9
12
10
13
11
10
13
12
10
13
14
10
6
2
2
1
-1
-3
0
2
0
2
5
6
5
4
4
6
9
8
4
6
2
0
1
-3
-2
0
-4
-2
-2
0
4
6
5
5
4
5
4
3
6
1
-1
2
0
-1
1
0
0
-5
-6
-5
-8
-6
-8
-10
-8
-8
-7
-11
-8
-6
-7
-4
-2
3
6
4
3
-2
-5
-4
-8
-6
-10
-13
-10
-15
-15
-12
-10
-7
-9
-8
-6
-4
-4
1
4
5
2
-1
0
-3
-8
-12
-11
-8
-10
-7
-4
-6
1
3
7
7
3
5
8
6
3
1
1
1
1
-1
-3
-1
-1
-1
4
7
9
10
11
11
11
10
8
9
6
3
0
4
2
-2
3
6
5
0
-1
8
9
8
9
4
0
-5
-9
-11
-14
-13
-9
-6
-1
1
0
0
-2
4
9
4
8
10
7
5
6
2
0
3
1
6
7
2
1
3
3
5
4
-1
2
5
4
5
4
1
0
-3
-1
-3
-4
-5
-3
-4
-4
-5
-8
-8
-2
-1
-1
2
1
1
3
3
3
5
7
4
6
7
6
8
8
5
4
-1
-4
-4
-4
-3
-3
-9
-12
-7
-8
-14
-15
-13
-11
-9
-4
-4
-6
-8
-9
-7
-9
-9
-5
-3
-3
-5
-4
0
0
4
8
5
8
11
2
0
-3
-2
3
-6
-9
-4
-9
-7
-3
-2
0
1
3
8
11
11
8
3
5
9
7
2
1
-2
-3
-7
-4
1
3
4
6
7
8
9
7
3
0
-5
-6
-3
-6
-9
-12
-8
-9
-8
-5
-2
-3
3
9
5
6
8
7
5
5
8
5
-1
-5
-4
-4
-6
-2
1
6
7
6
10
8
7
12
8
5
5
-1
-2
-5
-10
-4
2
5
2
0
2
-1
-2
2
4
4
4
3
2
-2
-2
-3
-4
-1
3
3
4
7
7
7
6
7
6
3
4
0
-4
-5
-5
-6
-10
-9
-6
-7
-4
0
-2
-1
5
2
-1
1
1
-1
0
0
-4
-4
-5
-7
-4
-3
-3
0
4
3
3
6
8
5
10
6
0
2
1
-1
-3
-7
-6
-5
-7
-7
-4
-3
-7
-9
-8
-9
-10
-8
-9
-9
-8
-6
-6
-6
-1
1
2
5
4
5
2
-3
-2
0
-4
-3
-6
-13
-13
-13
-13
-8
-4
-5
-2
3
6
6
8
12
8
5
4
1
1
1
-4
0
3
1
3
4
1
3
7
9
8
7
7
9
8
5
8
6
5
3
-3
-6
-7
-2
4
4
8
11
11
9
7
7
6
6
1
0
4
5
8
7
10
16
15
13
10
5
1
-1
-6
-6
-3
-2
-5
-12
-17
-22
-25
-20
-17
-14
-9
-1
5
7
7
6
7
6
1
-3
-7
-9
-8
-6
-6
-3
-2
0
-1
-2
3
3
3
6
8
7
7
9
4
-1
-5
-8
-6
-4
-5
-8
-13
-12
-13
-11
-8
-5
0
2
7
12
9
8
10
3
0
2
-2
1
2
3
5
1
0
-1
-4
-8
-8
-7
-7
-3
1
2
4
4
2
-4
-11
-11
-8
-7
-10
-7
-3
-4
-1
3
1
2
2
3
7
5
4
8
11
11
10
14
17
16
15
9
3
1
-2
-3
-2
-1
1
-2
-5
-2
-1
0
1
3
4
1
1
1
3
5
5
8
4
2
2
-4
-4
-4
-6
-1
-1
-2
-1
0
-1
2
2
1
3
-2
-2
-8
-17
-20
-18
-18
-13
-4
0
2
4
2
2
3
2
0
3
8
5
1
-1
-6
-11
-15
-17
-18
-14
-9
-7
-5
0
6
9
10
9
4
-3
-7
-11
-15
-12
-10
-7
0
-1
-1
0
-1
-1
1
6
11
15
13
11
10
10
10
9
8
10
8
9
10
6
3
4
5
4
4
5
8
5
3
0
-3
-2
-2
-3
3
3
5
5
5
8
8
7
9
9
7
4
3
3
1
-1
0
0
-4
-4
-4
-7
-8
-7
-9
-12
-17
-13
-10
-11
-7
-5
-7
-7
-10
-10
-8
-7
-4
-4
-3
-6
-2
0
-2
1
-1
-4
-5
-8
-10
-8
-8
-2
3
5
10
8
10
7
4
4
0
0
-2
-5
-3
-1
-2
-3
-4
-3
-1
-2
-2
2
5
10
18
23
23
21
15
10
3
-4
-3
-1
0
5
4
2
1
-3
-3
-4
-6
-5
-7
-8
-10
-9
-11
-11
-10
-11
-6
-3
-2
3
6
9
11
11
10
6
2
-1
-3
-1
1
-1
2
-1
-6
-4
-5
-5
-3
-5
-5
-1
-1
-4
-2
-3
-7
-10
-15
-17
-15
-13
-6
0
5
10
10
10
13
10
7
13
10
13
13
8
9
8
7
6
6
7
7
8
10
8
2
5
6
3
3
4
2
3
4
0
-7
-6
-9
-14
-13
-13
-12
-11
-12
-7
-5
-3
-1
-4
-4
-6
-6
-4
-6
-6
-6
-10
-6
-5
-6
-6
-5
-7
-10
-8
-7
-6
-6
-2
1
1
3
3
4
5
2
1
4
5
4
5
6
6
7
5
0
1
1
0
1
3
7
9
11
12
13
18
19
17
15
12
10
9
6
2
2
1
-3
-6
-6
-5
-6
-7
-6
-6
2
7
11
16
13
16
13
10
9
4
-2
-6
-7
-12
-12
-9
-10
-10
-7
-9
-7
-2
-5
-4
-5
-4
2
6
7
2
-3
-8
-9
-7
-3
2
1
-1
-2
-5
-4
-4
-5
-5
-3
-2
-3
-3
-1
-6
-5
-7
-8
-4
-6
-9
-8
-8
-9
-11
-12
-7
-1
-5
-5
-3
-5
-1
1
1
3
8
6
3
5
4
3
5
4
5
11
11
8
5
7
6
4
7
9
5
7
8
4
4
1
4
5
3
1
3
7
1
-3
-1
-1
3
3
5
6
5
4
2
2
0
-1
-4
-6
-8
-15
-17
-19
-17
-13
-12
-7
-7
-4
1
3
5
2
3
4
6
11
6
2
7
5
-1
-2
-1
2
5
5
7
7
9
10
9
8
9
5
4
4
6
6
3
3
4
5
4
2
3
1
2
5
3
4
6
2
1
-2
-4
-3
-2
-3
-2
-5
-4
0
-2
-1
0
3
2
1
-4
-9
-8
-11
-12
-10
-8
-10
-11
-13
-15
-19
-20
-15
-14
-10
-4
-6
-3
0
0
-2
-4
-5
-7
-9
-9
-2
-2
0
2
2
5
4
5
10
9
5
6
6
5
7
3
3
7
6
5
8
8
10
11
9
14
16
15
16
14
13
9
-1
-6
-7
-10
-9
-8
-6
-1
0
2
4
3
4
6
5
1
-1
0
-5
-7
-7
-9
-10
-7
-5
1
8
8
9
8
1
1
-2
-4
-2
-3
-5
-3
-4
-3
-6
-8
-12
-14
-16
-14
-11
-6
0
-2
0
3
6
11
9
3
5
3
1
7
6
3
1
-2
-1
-1
-1
-1
1
5
3
6
10
6
3
4
5
3
2
2
-3
-7
-10
-14
-15
-18
-16
-12
-12
-12
-8
1
2
2
6
9
14
20
22
24
23
22
17
17
14
8
4
0
-1
-2
-5
-5
-3
3
2
2
4
7
7
5
5
3
6
6
6
4
1
-4
-10
