2
-2
-13
-10
-2
-9
-8
1
-4
-6
-3
4
-4
-14
-1
1
-13
-8
4
-3
-7
3
4
-12
-6
5
-5
-7
-3
2
-1
-8
3
-2
-7
6
5
-2
1
7
4
-5
3
2
-6
1
9
2
1
9
1
-11
-5
-1
-7
-5
6
5
-2
2
12
-2
-2
16
3
-4
8
8
-6
-6
12
5
-6
5
9
-2
-6
10
10
-7
5
13
2
-3
5
9
-6
1
16
-2
-5
12
5
-3
6
8
-5
-4
15
0
-16
0
7
-3
-10
5
6
-10
1
7
-4
-4
-1
2
-4
-2
5
-1
-1
6
-1
-5
6
7
-13
-6
7
-6
-3
16
16
-10
-3
23
6
-12
2
11
-10
-14
13
9
-11
2
12
-4
-5
5
7
4
3
1
-7
-2
6
1
-3
0
4
-9
6
15
-22
-7
18
-4
-7
9
5
-6
0
13
13
-6
-7
11
-3
-6
15
11
-12
4
25
-4
-3
14
-4
-13
3
16
-2
-12
10
18
-5
-6
15
-7
-19
14
16
-15
-9
19
10
2
8
5
-8
-10
9
13
5
-4
1
3
0
10
-8
-10
11
0
-2
13
4
-7
-3
9
6
-11
-1
9
-8
-5
11
10
-7
2
12
-12
-3
13
3
7
8
3
2
6
7
3
-2
5
7
-8
-4
7
0
-11
2
6
-11
-2
1
-3
0
4
12
1
2
5
-7
-4
3
0
-9
-3
3
-8
-1
8
-6
-4
8
0
-12
-6
9
-3
-20
3
7
-10
-3
4
4
-2
5
10
-8
-5
9
3
-8
6
5
-10
1
3
-11
-12
-1
3
-19
-13
19
2
-12
11
-4
-23
-6
14
4
-18
-11
3
-4
3
11
-11
-24
-4
8
-10
-7
-5
-27
-13
10
9
-9
-10
4
-11
-7
17
14
-6
-27
-12
13
6
27
21
-64
-43
33
19
36
-13
-84
-29
34
62
29
-45
-73
-16
58
56
0
-83
-71
43
64
28
-1
-45
-31
24
43
5
-31
-21
-5
9
13
8
16
5
-17
-24
-17
34
52
-14
-47
-11
22
36
38
-19
-80
-33
42
47
-3
-43
-22
7
26
50
5
-56
-25
24
17
-6
-15
-2
7
0
4
0
-1
-2
-30
-37
-7
17
8
-6
-4
-12
5
37
34
-10
-39
-3
36
34
3
-24
-16
9
28
19
2
-3
-13
-9
21
16
-15
-7
-5
-13
3
11
10
-5
-9
21
13
-19
-5
10
-21
-18
24
9
-17
-11
-1
14
17
11
7
4
15
7
-16
-7
-1
-16
-16
10
11
-5
3
5
-10
0
31
28
9
15
20
17
27
20
-5
-3
15
2
-21
-11
14
-5
-11
24
3
-37
-9
33
14
-26
-6
25
6
1
32
16
-35
-33
-1
8
-8
-31
-36
3
25
-13
-20
19
14
-28
-21
29
3
-59
-34
32
23
-9
22
34
9
17
18
-14
-15
19
6
-14
24
51
39
32
59
47
-9
-14
9
4
12
57
55
46
115
155
125
55
-118
-319
-326
-120
-29
-194
-261
12
295
266
117
104
120
33
-70
-84
-15
15
-53
-71
27
106
25
-100
-111
-125
-184
-157
-59
13
35
70
129
148
158
154
57
-60
-93
-76
-61
-36
-36
-82
-72
7
41
2
-35
-57
-90
-84
12
106
90
52
93
140
123
76
26
-46
-97
-94
-81
-61
-29
-24
-26
4
35
53
27
-52
-65
-14
9
12
22
56
84
62
40
43
13
-51
-106
-135
-143
-100
-28
0
-4
20
54
79
73
50
13
-34
-64
-43
-15
-14
-21
-45
-34
-18
-69
-107
-73
-38
-45
4
93
84
38
71
76
-25
-77
9
37
-64
-57
105
172
107
119
175
85
-43
-27
33
12
6
104
204
241
292
358
428
293
-330
-1009
-913
-129
143
-490
-794
-16
879
818
205
20
277
278
-94
-275
-93
45
-55
-115
-24
60
46
-53
-234
-494
-544
-243
58
80
-30
52
319
556
554
272
-32
-160
-160
-173
-162
-111
-185
-292
-142
144
199
1
-172
-130
-46
-57
-78
-57
49
174
124
-50
-22
178
132
-149
-278
-157
-32
-32
-57
-120
-270
-203
157
264
28
-65
27
61
33
51
71
0
-47
15
82
100
153
176
67
22
116
246
244
70
-33
150
369
302
252
357
431
517
659
297
-882
-1767
-1188
67
-25
-1116
-1064
391
1447
969
156
221
675
449
-234
-389
-50
147
-65
-264
-209
32
245
58
-580
-1089
-707
53
186
-227
-300
268
810
873
608
375
220
15
-213
-326
-269
-302
-506
-552
-229
115
87
-99
-146
-74
20
85
60
44
234
404
247
-4
3
-260
-1204
-1601
-723
138
-107
-321
478
1102
854
599
778
455
-493
-911
-567
-244
-432
-552
-227
193
354
393
552
490
166
-9
317
673
596
546
925
1522
1792
1619
983
-265
-2010
-3392
-3210
-1793
-1011
-1715
-2004
-67
2634
3340
1949
828
996
1274
684
-253
-660
-487
-221
-259
-428
-349
-82
-227
-1148
-2045
-1788
-483
361
-117
-583
421
2115
2677
1861
919
561
406
-15
-659
-1203
-1392
-1289
-1108
-855
-442
-5
138
12
-70
62
339
534
494
341
424
795
989
779
460
173
-267
-780
-1038
-1023
-1018
-1154
-1177
-778
0
631
586
136
-89
200
590
504
125
-56
167
375
261
44
-85
-266
-658
-837
-682
-481
-386
-255
23
236
465
811
1009
705
240
167
299
253
-40
-224
-148
101
387
626
867
1039
1209
1473
1919
1901
361
-2423
-4318
-3415
-1114
-401
-1954
-2798
-455
2952
3929
2038
344
634
1413
919
-461
-877
-341
-4
-395
-736
-167
525
184
-1422
-2589
-1883
-130
590
-423
-1125
57
2201
3037
2049
858
551
705
266
-677
-1393
-1503
-1281
-1250
-1205
-722
77
462
204
-144
-5
546
868
678
269
235
704
1077
496
-781
-1513
-1610
-1607
-1325
-676
-500
-702
75
1387
1646
991
655
555
13
-518
-670
-668
-784
-934
-766
-219
351
470
448
657
834
705
540
666
606
225
55
505
1129
1348
1406
1370
1234
1139
1164
686
-1091
-3628
-5227
-4195
-1426
38
-1008
-1747
624
4059
4901
2744
702
646
1162
541
-880
-1341
-854
-620
-1045
-1185
-386
244
-293
-1760
-2429
-1359
330
909
50
-278
1074
2875
3162
1892
763
477
302
-602
-1766
-2180
-1786
-1536
-1827
-1652
-427
885
1049
383
141
717
1322
1118
443
179
495
764
322
-891
-1810
-1504
-1004
-1612
-2094
-946
191
97
368
1528
1823
904
435
576
354
-482
-1300
-1356
-890
-582
-613
-195
589
792
621
726
1042
890
309
26
256
505
398
573
1280
1761
1625
1330
1345
1458
1347
624
-908
-3088
-5353
-5616
-2773
346
42
-2248
-1160
3541
6432
4309
643
46
1440
1449
-542
-1857
-1350
-686
-944
-1531
-921
198
127
-1407
-2742
-1996
-39
1168
526
-511
271
2596
4038
2850
814
232
707
122
-1823
-2883
-2216
-1360
-1792
-2426
-1333
861
1841
786
-295
429
1894
2002
659
-251
44
251
-615
-1949
-2197
-1275
-761
-1050
-1202
-549
259
793
1125
932
619
474
563
548
33
-730
-1210
-836
-421
-510
-504
-16
614
770
774
949
1267
1210
547
109
231
659
1019
1044
957
1256
1963
2223
1645
839
-18
-1109
-2587
-4553
-5754
-4424
-1277
396
-451
-534
2267
5506
5541
2589
324
513
1293
291
-1778
-2527
-1678
-788
-1013
-1416
-907
-205
-466
-1556
-1855
-800
590
1024
444
453
1840
3389
3222
1577
379
244
37
-1332
-2883
-3103
-2201
-1624
-1959
-1745
9
1835
1865
785
751
1824
2251
1183
-654
-1918
-1828
-1315
-1618
-2013
-1409
-486
-185
282
1155
1420
1146
693
200
-103
5
-9
-532
-949
-1176
-865
-4
508
217
-157
336
1153
1550
1187
610
732
1038
831
466
606
891
837
884
1251
1831
2238
1931
1016
-410
-2118
-3928
-5285
-4933
-3212
-1446
-872
-550
1422
4160
5655
4410
2006
862
1002
912
-797
-2430
-2606
-1796
-1175
-1288
-1109
-772
-584
-872
-1223
-780
-9
612
582
600
1365
2461
3070
2350
1165
510
232
-588
-2111
-2965
-2745
-2261
-2263
-2121
-797
944
1777
1467
1287
1887
2178
1279
-666
-2076
-2141
-1789
-1750
-1765
-1016
-131
520
1040
1132
1078
828
456
-277
-747
-589
-491
-340
-524
-702
-409
287
735
330
68
334
906
1152
824
533
661
1156
1139
719
548
827
1158
1052
1321
1883
2450
2845
2023
-347
-3496
-5255
-5362
-4685
-3510
-2735
-1924
-427
2447
5283
5915
4511
2295
1486
1525
849
-945
-2850
-3036
-2281
-1465
-1278
-1334
-1023
-1016
-1072
-975
-340
222
242
435
1023
2072
2856
2991
2394
1415
791
110
-1005
-2369
-3145
-3078
-2885
-2685
-2048
-579
877
1312
1349
1899
2670
2220
283
-1353
-1437
-1048
-1738
-2337
-1661
-670
70
490
750
799
815
596
-97
-230
-269
-573
-507
-234
-217
-372
53
544
514
201
127
711
1174
892
383
582
1147
1166
800
631
962
1360
1484
1467
1545
2224
3282
3904
2400
-2259
-7749
-9761
-5820
-789
-1082
-5195
-5509
1805
9340
9716
4211
38
1567
4054
2975
-1305
-4328
-3881
-2415
-1396
-1504
-1521
-1330
-1435
-1471
-1431
-396
633
738
40
33
2147
4210
4156
2119
841
1453
1382
-785
-3431
-3770
-2753
-3060
-4203
-3632
-644
1677
1427
590
1835
4276
4068
711
-1956
-1418
-438
-2041
-4035
-3245
-494
938
185
-439
846
2640
2139
-221
-1436
-579
405
-6
-1054
-1419
-630
561
954
334
-333
68
1272
1714
813
-39
492
1723
1664
300
-87
1027
1931
1591
895
1323
2631
3740
3904
2655
-426
-6102
-10836
-8916
-2248
779
-3469
-6867
-1418
8399
12386
7147
369
-328
3236
4283
265
-4364
-5671
-3796
-1397
-610
-1097
-1873
-1785
-1089
-642
-343
153
839
692
130
1065
3569
4936
3235
787
424
1177
144
-2600
-4124
-3696
-3413
-4284
-3924
-782
2125
1796
240
1678
5119
5104
494
-3108
-1922
-29
-1699
-4495
-3876
-323
1663
488
-685
996
3049
1948
-799
-1639
-350
415
-249
-1093
-1039
-156
647
846
348
-251
-21
963
1504
864
178
737
1766
1686
695
266
875
1676
1548
975
1570
3222
4342
4076
2250
-2579
-9646
-12195
-6506
235
-1114
-7382
-6320
4387
13394
11670
3628
-98
2618
4944
2166
-3005
-5898
-5808
-4128
-1950
-453
-816
-2171
-2054
-345
791
559
431
868
696
490
1986
4382
4668
2292
225
255
523
-1082
-3419
-4370
-4407
-4916
-4697
-1840
1686
2124
434
1334
5225
6777
2968
-2026
-2948
-1203
-1513
-4286
-5316
-2379
939
1031
-271
873
3564
3424
335
-1824
-975
635
115
-1650
-2185
-771
779
937
295
-134
299
1133
1438
1002
496
822
1620
1629
819
563
997
1215
793
273
1114
2714
3944
4276
2671
-1455
-7579
-9967
-5695
-700
-1127
-6140
-6319
1583
10009
10943
4347
-386
941
4392
3992
-1110
-5281
-5904
-3195
-629
-543
-1565
-2299
-1334
-385
-203
53
702
1258
409
-51
1303
3619
4327
2320
286
-181
347
-289
-2162
-3389
-3814
-3997
-4081
-2314
802
1909
628
369
3430
5719
3113
-1478
-2994
-1534
-1462
-3565
-4398
-1952
1175
1291
-266
682
3563
3489
65
-2335
-1392
395
-79
-1703
-1973
-337
1080
942
514
527
882
980
801
636
498
689
961
954
798
772
1090
1625
1821
2034
3040
4725
6024
5178
539
-8052
-14738
-11832
-2689
659
-5858
-10757
-2613
11902
17416
9932
289
-315
5109
6311
472
-6513
-8695
-6259
-2628
-515
-631
-1921
-2584
-1480
169
899
867
818
702
430
1467
4034
5741
4610
1732
-58
-279
-727
-2396
-4307
-5557
-6414
-6110
-3210
1117
2947
1353
917
4566
8103
5852
-279
-3233
-1757
-1402
-4774
-7122
-4219
398
1094
-1077
-182
4320
6022
2289
-1850
-1429
1272
992
-1957
-3384
-1589
516
401
-477
-124
1214
1729
1194
866
1238
1846
1601
655
115
318
930
1346
1333
1594
2953
5065
6659
5981
1358
-7712
-15427
-13006
-3499
797
-5539
-11515
-3795
11790
19124
11908
918
-839
4639
6807
870
-7022
-10151
-7657
-3019
-508
-372
-1624
-1984
-686
559
1232
1173
1221
887
131
921
3480
5706
4843
1821
-359
-764
-757
-2077
-4127
-5980
-7092
-6264
-2739
1575
2857
1340
1579
5494
8385
5150
-1193
-3609
-1690
-1782
-5804
-7596
-3495
1423
1405
-1129
231
4944
6068
1578
-2595
-1495
1495
706
-2648
-3458
-694
1257
165
-946
258
2121
1894
484
510
1874
2474
1256
-129
102
1186
1506
1107
1114
2261
4335
6421
7034
3678
-5055
-14935
-15826
-5924
1616
-3147
-12030
-8005
8489
19631
15553
3643
-1366
3019
6770
3187
-5040
-10610
-10130
-5219
-652
308
-1326
-2419
-879
1228
1856
1308
1102
1438
849
511
2083
4811
5596
2954
-313
-1679
-1254
-1339
-3161
-5736
-7668
-6916
-3032
1576
3149
1451
1348
5142
8574
5986
-817
-4057
-2001
-1189
-5358
-8386
-4524
1502
2292
-844
-414
4503
6721
2575
-2570
-2151
1287
994
-2837
-4178
-915
1758
429
-1449
-9
2933
2933
454
-404
1512
3075
1619
-671
-514
1415
2268
1517
1249
2637
5055
7057
6471
850
-9364
-16620
-12701
-2350
674
-6999
-11713
-1802
13923
19306
11538
1603
-24
4207
5415
439
-7039
-11410
-9831
-4068
703
755
-2104
-2885
-96
2632
2509
1014
747
1360
1200
1168
2831
5035
4931
1880
-1437
-2510
-1724
-1754
-4099
-7147
-8005
-5099
-148
3181
2951
1491
2951
6896
7820
2567
-3749
-4378
-1675
-2693
-6822
-6685
-1121
2761
1369
-502
2066
5850
4649
-585
-3052
-439
1584
-976
-4128
-2798
1130
1823
-838
-1431
1658
3819
1902
-607
330
2935
2885
206
-911
822
2382
1759
892
2422
5770
7943
6295
-281
-10421
-16923
-12509
-2379
104
-7999
-12015
-450
15987
20378
11298
1421
689
5072
5237
-871
-8508
-12366
-10264
-4480
463
1100
-1557
-2549
69
3272
3627
1663
410
651
1233
1750
3014
4634
4524
1838
-1571
-2865
-2097
-2149
-4736
-7992
-8293
-4572
788
3971
3334
2015
4118
8059
7382
640
-4803
-3895
-1973
-4742
-8055
-5538
538
3219
1265
195
3362
6356
3990
-1478
-3323
-479
983
-1827
-4331
-2106
1684
1502
-1107
-683
2828
4055
1302
-896
854
3627
2749
-434
-1080
1457
3121
1827
782
3242
7721
9076
2936
-9818
-19210
-14485
-1362
2815
-7388
-15351
-4455
15239
22472
13289
1416
-180
5164
6370
553
-7465
-12162
-11592
-6919
-1007
1793
-34
-2606
-1374
2783
5043
3691
1170
65
414
1311
2666
4073
4326
2139
-1457
-3319
-2272
-1154
-3336
-7514
-9094
-5629
408
4131
3618
1952
3788
7998
7713
969
-4700
-3720
-1900
-5091
-8463
-5550
879
3476
1271
-57
3090
6558
4522
-1204
-3645
-989
910
-1593
-4394
-2456
1746
1861
-1170
-1166
2736
4681
1766
-1053
443
3632
3386
-210
-1809
858
3863
3276
1659
3802
8173
8000
-1225
-14865
-19844
-10260
1339
-380
-11579
-12238
4306
20181
20057
8449
464
2395
5928
3541
-3433
-9712
-12040
-10164
-5109
52
1699
-441
-2224
-269
3493
4966
3157
880
279
1028
2209
3353
4132
3400
648
-2763
-4110
-2613
-1629
-4139
-8377
-8618
-2738
3718
4852
1980
1813
6046
8398
4132
-2449
-4138
-2326
-3374
-7233
-7604
-2483
2509
2769
545
1133
4683
6012
2483
-2054
-2608
-367
-277
-2885
-3598
-759
1373
61
-1196
1065
4131
3637
606
-111
2470
4007
1702
-1345
-533
3130
4532
2893
3191
6950
6944
-3772
-18289
-19577
-5748
4028
-3215
-15044
-9383
11164
23281
16923
3588
-287
5374
7814
1619
-7756
-12497
-10958
-6958
-3779
-1831
-458
249
593
1418
3124
4355
3665
1687
219
723
2394
3652
3657
2129
-449
-3127
-4013
-3007
-2766
-5263
-8327
-6784
-408
4803
4545
2258
3880
7731
6861
88
-4859
-3605
-2171
-5201
-7969
-4923
885
3400
2139
1099
2857
4810
3432
-332
-2343
-1207
-235
-1705
-3252
-1693
1247
1360
-811
-759
2390
4154
2196
-194
635
3304
3630
1002
-500
1888
4922
4903
4632
7023
5593
-7929
-24090
-21191
-1892
6610
-6431
-18128
-4848
19078
26485
14528
481
-480
6190
7044
-987
-10971
-14521
-10697
-4809
-1819
-1508
-834
691
1487
1482
2440
4038
4138
2211
282
687
3182
5381
4766
1163
-3087
-5033
-3788
-2254
-3977
-8372
-9647
-4133
3363
5825
3394
2946
6843
8670
3816
-2691
-3810
-2188
-4405
-8705
-7934
-1531
3182
2505
548
1984
5195
5260
1597
-1848
-1806
-195
-897
-3185
-2828
563
1925
-472
-1828
1059
4332
3371
185
-359
2589
4788
2787
-650
-190
4203
6619
5518
5476
4935
-4949
-21220
-22868
-5192
6904
-3560
-18647
-9445
16326
28069
17396
899
-2170
5846
9198
1759
-10363
-16253
-12078
-4507
-1220
-2258
-2263
576
2535
1842
1604
3501
4840
2839
-468
-625
2921
6279
5643
1525
-2734
-4241
-2908
-1886
-4169
-9105
-10746
-5225
2418
5072
2937
3096
7683
9940
4849
-2648
-4199
-1860
-3561
-8705
-9174
-2802
3002
3370
1364
1885
4609
5114
2060
-1531
-2277
-1062
-1282
-2919
-2557
533
2149
294
-1198
1088
4375
3834
546
-522
2175
4473
2632
-296
929
5647
8244
7176
3561
-5330
-17678
-20516
-8310
2150
-4022
-14911
-8503
12005
23807
18726
6949
1212
3577
6465
3578
-5967
-15511
-16145
-7914
-531
-625
-3546
-2076
2827
4781
2950
2118
3740
4209
1361
-1072
718
4879
6153
2510
-2464
-4476
-2739
-1108
-3445
-8476
-10288
-5440
1076
3271
2256
3414
7192
8327
4728
84
-1447
-1533
-4342
-8407
-8143
-2869
1220
961
216
2481
5536
5261
2033
-533
-687
-299
-1734
-3656
-2982
-93
1304
-134
-896
1574
4513
4092
1154
252
2530
4127
2541
431
1723
5370
8129
7738
617
-13402
-22392
-14001
672
773
-11967
-14420
2569
19435
20791
11638
3845
2809
4734
5119
610
-8733
-15784
-13327
-4443
459
-1846
-4501
-1727
3206
4536
2784
2301
4073
4243
1399
-326
2362
6107
5236
-210
-5061
-4797
-1380
-1011
-5981
-10909
-8532
-963
3361
2242
1649
5466
8896
6869
1718
-947
-900
-2955
-7322
-8766
-4958
-408
506
-16
1700
4933
5926
3631
752
-409
-261
-1177
-3393
-4053
-1770
525
48
-865
1101
4451
4937
2261
741
2493
4430
3102
9
-86
3804
8477
9558
2212
-13484
-23833
-14194
2981
2892
-13731
-18773
672
20709
22069
11190
2894
3099
6051
6817
2352
-7780
-16528
-15057
-5250
840
-1753
-5623
-3112
2945
5364
3865
2973
4336
4388
1262
-867
1891
6232
5615
-596
-6175
-5041
193
1036
-5737
-12429
-9232
81
3908
738
-63
5165
8640
5936
1812
902
871
-2423
-7160
-8141
-4204
-383
-482
-1579
371
4214
5683
3697
964
-21
443
-124
-2204
-3250
-1745
99
-425
-1407
424
3739
4454
2143
1178
3383
5215
3528
944
1848
5764
8975
5858
-7257
-22197
-20717
-2835
6281
-6118
-19467
-8531
15017
23529
14719
3827
1901
5118
6466
4441
-2587
-12021
-15656
-9077
-302
418
-4459
-5684
-838
3607
3708
2658
3587
4842
3180
419
1199
5379
7199
2679
-4588
-7095
-2722
1475
-2099
-10643
-12407
-3805
3965
2842
-593
2676
8411
7685
2784
1013
1786
-1218
-7060
-8724
-5017
-1321
-1273
-1745
604
4081
5341
3982
2349
1229
229
-1073
-2615
-3078
-1825
-341
-723
-1630
102
3639
5039
3006
1107
2450
4984
4548
1430
347
3122
7285
8574
1660
-14321
-24821
-14170
4175
4057
-13399
-18248
1725
21164
21308
10028
2273
2438
5096
6543
3242
-6790
-16369
-14945
-4276
1948
-1895
-6875
-4208
2602
5216
3374
2542
4504
5183
2176
-341
1876
6130
5862
-566
-6894
-6108
-173
1460
-5536
-12458
-8791
831
4002
440
638
6279
7879
3334
816
2897
2005
-4609
-8977
-6029
-988
-608
-2849
-1722
2612
5004
3435
1645
1847
2064
506
-2013
-2983
-1655
151
-194
-2207
-1921
1731
4831
3779
1122
1878
5242
6011
3095
1351
3888
7842
7070
-3489
-19544
-23562
-8303
5807
-1075
-16771
-12359
10283
22966
17012
6098
2241
3534
4478
4439
471
-9019
-16090
-11564
-710
2769
-3180
-7551
-3085
3796
4645
1448
1209
4629
5615
2216
333
3682
7413
5029
-2551
-7637
-5199
79
-697
-8378
-12528
-6052
2721
3544
372
2765
8144
6979
1383
757
3780
811
-7535
-10089
-4199
617
-1207
-3518
-407
4362
4853
2240
1566
2746
2026
-1123
-3416
-2379
146
527
-1775
-3050
-343
3853
4758
2140
564
2883
6053
5393
2000
1181
5368
9664
5665
-9641
-24564
-19799
-596
6370
-7906
-19557
-5532
17240
23072
13293
3495
2003
3802
5327
4770
-2230
-13176
-16721
-7474
2525
1611
-5703
-7348
-629
5017
4054
972
1820
5058
4612
1171
962
5303
7651
2894
-4921
-7318
-2631
1001
-3445
-11191
-11091
-2557
3315
1613
472
5231
8338
4417
793
3288
4261
-3090
-10391
-7770
-434
415
-4173
-4228
2083
6451
4129
606
1288
3350
1955
-2122
-3934
-1736
854
85
-2731
-2650
1387
4732
3809
1196
1733
5061
6369
3953
1617
3338
7794
8113
-2666
-20272
-24921
-8655
6411
-474
-16982
-13222
9816
23324
17729
6440
1925
2870
4157
5024
1455
-8618
-16647
-12391
-749
3698
-2052
-7617
-4439
2901
5238
2466
855
3161
4942
3023
1291
3557
6908
5322
-1338
-6507
-5214
-989
-1654
-7985
-11460
-6267
1118
2438
914
3961
8574
6450
816
1290
5159
1106
-9142
-11313
-3167
2024
-2051
-5596
-518
6427
6175
1174
-101
2930
3556
-567
-4538
-3567
212
1173
-1701
-3324
-53
4331
4656
1807
1052
4076
6265
4435
1502
2206
6628
9119
3061
-12796
-24784
-16593
1672
4644
-11004
-18215
-740
19528
21538
11098
3232
2411
3633
5053
4080
-3790
-14418
-15766
-5535
2894
548
-6184
-6469
147
4814
3791
1445
2386
4642
3710
1361
2236
5774
6228
1008
-4914
-5621
-1992
-867
-5561
-10364
-8244
-1616
1417
435
2248
7451
7943
2269
336
5022
5091
-5000
-12635
-7258
1515
543
-5762
-4496
3762
7558
3531
-124
1746
3914
1432
-2955
-3841
-1052
721
-1067
-3360
-1575
2760
4230
2091
915
3588
6666
5902
2860
2225
5516
8607
5073
-8289
-22871
-20996
-3764
5332
-5876
-17855
-6731
15189
22535
14231
4907
2699
3344
4303
4707
-572
-11235
-16544
-9030
1382
2168
-4495
-7567
-2466
3593
4366
1984
1634
3881
4356
2613
2567
5257
6434
2542
-3274
-5403
-3067
-1500
-5001
-9896
-9058
-2847
959
168
1420
6882
8806
3463
-156
3870
6085
-2073
-11413
-9008
-66
1409
-4429
-5514
1537
6924
4498
335
1104
3837
2416
-2129
-3899
-1291
1145
-412
-3274
-2262
2093
4253
2339
672
2707
6014
6192
3713
2638
5421
9041
5769
-8613
-23929
-20779
-2349
5551
-7630
-19710
-6446
16961
23541
13472
3456
2577
4382
4836
4184
-1411
-11533
-16317
-8527
1991
2482
-4699
-8004
-2541
3885
4390
1585
1128
3497
4218
2768
2883
5474
6516
2494
-3386
-5096
-2222
-982
-5567
-10731
-9006
-2299
1012
-445
738
6725
9328
4105
-199
3350
6063
-1624
-11228
-9096
-191
1166
-4706
-5254
2085
6846
3917
133
1722
4364
2005
-2978
-4103
-702
1427
-902
-3903
-2173
2884
4949
2382
214
2608
6295
5860
2431
1511
5097
8580
4994
-8022
-20997
-17996
-2168
4775
-5933
-16271
-6570
12423
19614
13102
4167
1207
2554
5100
5717
33
-9891
-14184
-7313
1357
1603
-4379
-7514
-3490
2125
3734
2172
1545
2993
3494
2879
3598
5372
5109
1512
-2572
-3927
-2460
-1515
-4320
-8596
-8313
-2928
890
184
458
4791
7113
3249
139
3466
5575
-1283
-9379
-7149
666
1189
-4781
-5552
1286
5852
3111
-261
1399
4231
2595
-1898
-3302
-599
1304
-922
-3849
-2223
2391
4219
2140
887
3427
6600
6497
3753
2583
5699
8923
2966
-14822
-27118
-15915
3843
4224
-13565
-18071
3189
22397
20321
8080
2432
3974
3966
3093
2178
-3707
-12945
-14710
-4974
3802
1786
-5574
-7270
-1147
4202
3872
1160
904
2906
3450
3302
4714
6409
4900
-90
-3816
-3571
-1782
-3011
-7696
-10216
-6583
-724
768
-235
2860
7968
6789
894
996
6362
4348
-6679
-11848
-4317
2844
-850
-7074
-3855
4596
6504
1780
-341
2833
4418
638
-3489
-2590
881
953
-2598
-3964
-243
3813
3558
1177
1391
4761
7236
5965
3018
3335
7923
8511
-4046
-22985
-24865
-5436
7423
-4092
-20422
-10950
14787
24315
14276
3442
3255
5591
3875
2667
185
-7400
-14839
-11627
-528
4047
-1085
-7126
-5524
980
4361
3472
1447
1334
2140
2828
4716
6791
6367
2049
-2675
-3448
-1414
-1277
-5615
-10334
-9460
-3471
793
-143
-240
5127
9171
4670
-874
2648
7477
542
-11149
-10198
483
3033
-4665
-7299
759
7218
4047
-917
859
4871
3117
-2508
-4094
-287
2194
-663
-4439
-2797
2461
4273
1633
291
3137
6367
6273
4067
3239
5870
9164
4912
-10980
-25211
-18423
772
4967
-10756
-20030
-3476
18663
22355
11564
2710
2719
4695
5260
4207
-1987
-11685
-15338
-7374
2104
2269
-4051
-7365
-3456
2023
4085
3403
2263
1516
1066
2807
6357
7896
4874
-656
-3544
-2303
-326
-1944
-7398
-10988
-7926
-1457
904
-996
380
6460
8339
2733
0
5023
6381
-3324
-11569
-6419
2155
267
-6878
-5434
3249
6514
2106
-530
2841
5232
1440
-3564
-2944
1244
1647
-2773
-5246
-1295
3969
3934
437
111
4207
7361
6348
3594
3105
6287
8940
2832
-14008
-25540
-15468
2417
2759
-13417
-17978
1365
20532
20552
9329
2617
3528
4876
4912
2967
-3872
-12478
-13673
-5334
2022
879
-4648
-6437
-2479
2042
3688
3355
2516
1410
1010
3348
7032
7777
3900
-1416
-3483
-1803
-310
-2898
-8603
-10976
-6451
-352
328
-1702
1646
8236
7742
929
360
6704
5303
-6605
-11867
-3366
3308
-2095
-8158
-2978
5792
5807
90
-510
4190
5014
-225
-4164
-1819
2008
832
-3515
-4264
321
4051
2676
50
1238
5256
7111
5441
3525
4777
8296
7648
-3393
-19844
-23171
-8261
3768
-3562
-17439
-11965
10076
22489
16752
5938
2743
4728
5293
4143
267
-7529
-13872
-10947
-1917
2228
-1218
-5495
-4784
-648
2521
3526
3119
1898
645
1357
4774
7867
6927
2015
-2430
-2678
-499
-716
-5244
-10137
-9732
-4367
-302
-754
-908
3948
8557
5681
616
3030
7729
1896
-9789
-10377
-699
2254
-5078
-8132
-310
6784
4437
-301
1358
5434
3696
-2204
-3999
-175
2091
-1174
-5018
-3204
2193
4084
1255
-502
2395
6325
6588
3857
2570
4625
7959
8067
-529
-16194
-23166
-11160
3384
-170
-15441
-15688
4312
19982
18129
8261
2835
3235
4996
6537
3762
-5515
-13899
-12139
-3077
1483
-1424
-5512
-5485
-2047
1210
3601
4636
3179
245
-68
4489
8819
7346
1415
-2740
-1984
136
-509
-4620
-9020
-9273
-5182
-1380
-1251
-1270
2910
7401
5691
1285
3003
7378
2815
-7863
-9379
-1106
1705
-5004
-7990
-674
6004
3639
-820
1370
5981
4188
-2094
-4031
7
2446
-954
-5055
-3522
1857
3920
1249
-439
2391
6149
6367
4266
3777
6028
8767
7539
-2723
-18755
-23420
-9482
3591
-2969
-18107
-13843
9222
23068
17320
5788
2506
5262
6334
5083
547
-7758
-13814
-10647
-1974
1516
-1874
-5526
-4732
-1048
1836
3355
3550
2100
112
688
5107
8732
7062
1549
-2351
-1728
316
-487
-5279
-10227
-9869
-4615
-777
-1588
-1665
3606
8551
5941
1042
3530
8112
2170
-9362
-9595
-137
1680
-6410
-8703
347
7143
3460
-1483
1557
6782
4431
-2576
-4255
422
2660
-1546
-5625
-3215
2413
3699
585
-410
2989
6250
5721
3610
3609
5626
7466
6689
-160
-13444
-21730
-13362
431
-230
-12907
-13891
3581
17979
16897
8670
4111
3837
4224
5081
2979
-4559
-11887
-10900
-3409
423
-1712
-4659
-4510
-2115
61
2321
3959
3417
852
-71
3935
8458
7535
1963
-2105
-1570
120
-602
-4423
-8668
-9048
-5074
-1542
-1867
-1710
2825
6872
4700
1043
3680
7457
2309
-7073
-7506
-313
1153
-5262
-7555
-771
5062
2785
-1074
1168
5472
4108
-1243
-2865
519
2188
-1144
-4603
-2946
1536
2708
438
-67
3060
6107
6032
4529
4361
5959
7990
6619
-3399
-18843
-22637
-8421
3668
-3935
-17966
-11294
11342
21967
14604
4789
3597
5689
5116
3779
162
-7265
-12923
-9619
-1255
1456
-2287
-5618
-4202
-582
1499
2600
3032
2118
333
949
5379
8555
6436
1069
-2086
-1081
463
-877
-5576
-9900
-9040
-3910
-806
-2101
-1640
4002
7853
4340
820
4875
8169
427
-9539
-7261
1287
514
-7441
-7651
1264
6001
2027
-1065
2673
6230
2833
-2579
-2414
1443
1584
-2815
-5114
-1771
2596
2419
-473
-112
3884
6541
5572
3889
4214
5644
6937
6215
-916
-14756
-22035
-11803
1756
-1142
-14561
-13117
6274
19189
15508
6669
3772
4837
4838
4674
1879
-5352
-11523
-9744
-2611
326
-2232
-5007
-4440
-1925
47
2194
3717
2924
391
271
4884
8795
6924
1268
-1978
-875
545
-764
-4892
-8846
-8750
-4783
-1779
-2290
-1640
3163
6566
3838
1077
4830
7867
1046
-7972
-6185
1361
646
-6839
-7437
630
5096
1383
-1558
2204
5931
3002
-2018
-2001
1609
1857
-2197
-4560
-1889
2038
2191
-125
44
3508
6346
5755
4065
4439
6565
8148
5581
-4621
-18418
-20714
-7350
2829
-4914
-17567
-10674
10821
21414
14780
4495
2506
5483
6707
5089
-467
-8337
-12418
-8169
-1051
514
-2851
-5488
-4208
-1069
1400
3028
3272
1641
-459
966
6114
8923
5879
385
-1914
-393
994
-742
-5592
-9776
-8898
-4058
-1342
-2468
-1687
3541
6757
3655
1487
5877
8012
-256
-8892
-5490
2110
-107
-8022
-7339
1510
5325
1114
-1216
2978
6028
2424
-2266
-1491
1937
1180
-3174
-4739
-1219
2508
1860
-492
484
4404
6617
5386
3840
4240
6004
7655
5735
-4579
-19229
-21162
-6415
4266
-4570
-18305
-10943
11514
22033
14291
3369
1902
5726
7178
5141
-645
-8359
-12135
-7844
-905
538
-3004
-5616
-4240
-1151
1224
3032
3653
1770
-803
769
6448
9381
5805
-49
-2090
-92
1263
-935
-5811
-9527
-8535
-4247
-1727
-2306
-1261
3485
6168
3230
1741
6547
8365
-629
-9516
-5478
2754
104
-8675
-7960
1661
5756
1101
-1487
2953
6306
2553
-2495
-1687
2014
1339
-3390
-5109
-1188
2741
1928
-660
394
4392
6378
5049
3414
3948
5697
6987
6283
-226
-13340
-21429
-12691
1626
555
-14049
-16324
3082
20178
17863
6028
1220
5014
7779
6321
1426
-5780
-10736
-9257
-3338
-413
-2450
-4859
-4639
-2382
-58
2400
4196
2957
-192
-407
4549
8950
7046
1300
-1802
-339
1276
-206
-4162
-8001
-8637
-5818
-2873
-2428
-1898
1822
5267
3843
1718
5203
8700
2678
-7093
-6804
1030
1585
-6401
-8965
-1405
4672
2113
-1384
1606
5777
3755
-1257
-1724
1682
1961
-2260
-4976
-2298
1834
2026
-429
-325
3221
5940
5395
3795
3984
5523
6477
6268
2532
-8282
-19933
-17494
-2640
3243
-8875
-18117
-4337
16632
20366
9300
1311
3677
7607
6928
2848
-3545
-9390
-10147
-5113
-663
-1624
-4556
-4983
-2791
-509
1325
3284
3423
938
-584
2667
7653
7933
3324
-764
-785
845
391
-2626
-6673
-8742
-6980
-3697
-2417
-2358
289
4366
4555
2044
3776
8142
5302
-4252
-7545
-1179
2253
-3847
-9032
-4178
3349
3385
-659
140
4705
5075
503
-1974
406
2195
-670
-4365
-3552
514
2324
547
-505
1972
5237
5908
4546
3734
4498
6165
7420
4573
-6645
-19952
-18792
-3255
4326
-7677
-19567
-7879
14695
21298
10879
1280
2637
7463
7941
4340
-2327
-9085
-10612
-5433
-234
-1214
-4908
-5438
-2731
-546
539
2488
3574
1475
-921
1543
7152
8559
4173
-390
-605
1328
960
-2317
-6307
-8286
-7057
-4426
-3069
-2702
-396
3756
5078
2606
2727
7223
7032
-1941
-7988
-2866
2659
-2130
-9055
-5810
2612
3896
-722
-900
4247
5803
1210
-2300
-210
2522
385
-3901
-4290
-377
2300
807
-939
1133
4861
5863
4264
3359
4607
6019
6257
5142
-929
-13256
-20241
-10843
2595
-287
-15197
-15666
4539
20146
16300
4253
312
5408
9167
7192
424
-7202
-10077
-6768
-1927
-1540
-4232
-5181
-3578
-1594
-297
1846
3769
2522
-526
79
5429
8595
5441
642
-244
1484
1233
-1391
-4441
-6867
-7554
-5921
-3577
-2656
-1826
1154
4133
3799
2625
4988
7176
2472
-4991
-4958
683
488
-6216
-8045
-1400
3674
1278
-1515
1528
5471
3865
-462
-1098
1428
1527
-1977
-4346
-2298
1188
1636
-219
73
3502
6173
5511
3712
4046
5947
7062
5435
-2161
-14506
-19370
-9008
2445
-2188
-15307
-13026
6294
18726
13786
3891
1943
5834
7366
5603
1066
-5668
-9787
-7103
-1277
-378
-4090
-5853
-3623
-950
-302
671
2588
2538
212
151
4716
8320
6097
1140
-578
1272
1764
-1061
-5028
-7398
-7033
-5127
-3683
-3231
-1812
1585
4114
3327
2402
5119
7069
1971
-5174
-4455
1232
489
-6373
-7670
-797
3701
810
-1778
1570
5369
3465
-809
-1005
1779
1696
-2067
-4349
-2030
1413
1531
-536
-189
3258
5835
5301
3863
4110
5561
6788
6247
42
-12764
-20121
-11144
1906
-455
-14554
-15427
3252
18265
15617
5202
1554
5126
7717
6669
1929
-5433
-10301
-7828
-1616
-201
-3870
-5923
-3697
-996
-374
657
2794
2738
-202
-651
4367
8643
6428
1061
-550
1798
2346
-886
-4828
-6824
-6873
-5870
-4365
-3025
-1572
834
3306
3797
3123
4532
6468
3061
-3959
-5079
179
1169
-5084
-8036
-2116
3573
1630
-1823
635
5040
4133
-325
-1370
1459
2227
-1210
-4242
-2695
1041
1832
-384
-690
2646
5575
5295
3716
3798
5380
6493
6240
2270
-8153
-18516
-15392
-1467
3160
-8896
-17700
-4843
14876
18651
8214
123
2397
7456
8203
4175
-3321
-9230
-8413
-2600
272
-2751
-5670
-4612
-2087
-1018
44
2389
2999
440
-1140
2653
7968
7530
2291
-685
1157
2707
244
-3610
-5890
-6464
-6087
-4889
-3257
-1941
-394
1896
3471
3210
3339
5373
5064
-526
-4993
-2178
1809
-1552
-7408
-5567
1346
2903
-1001
-1393
3286
5291
1633
-1532
217
2661
733
-3321
-3925
-514
1935
575
-1172
722
4467
5608
4150
3504
4785
6007
6246
4996
-1584
-13644
-19034
-8985
2782
-1811
-15714
-13932
6066
19401
14016
2699
631
6157
8842
6237
208
-6614
-9401
-5958
-954
-1037
-4610
-5550
-3298
-1223
-409
1126
2865
1893
-601
380
5491
8303
5133
585
81
2191
1822
-1545
-4837
-6476
-6557
-5523
-3946
-2775
-1663
754
3372
3626
2728
4322
6284
2807
-3747
-4368
668
991
-5327
-7717
-1739
3271
900
-2163
884
5287
3903
-613
-1142
1959
2361
-1550
-4489
-2486
1282
1595
-847
-865
2863
5761
5014
3287
3722
5525
6217
5943
3829
-4622
-17098
-18870
-5340
4204
-5227
-18320
-10018
12287
21071
11550
912
1607
7446
8731
4835
-2328
-8788
-9617
-4671
-496
-2048
-4989
-4650
-2458
-1139
-46
2300
3354
1012
-1209
1549
7030
8014
3625
10
752
2231
495
-2837
-5290
-6678
-6959
-5610
-3469
-2168
-906
1735
3989
3638
3072
5176
6013
927
-4986
-3676
1089
-580
-6782
-6754
45
3282
13
-1526
2555
5536
2535
-1335
-415
2324
1237
-2819
-4228
-1243
1715
1024
-952
237
3919
5491
3978
2765
4148
6021
6082
5415
2794
-6349
-17822
-16612
-2489
3527
-8603
-18834
-6086
15129
19587
8546
191
3164
8524
8403
3687
-3315
-8793
-8821
-4056
-850
-2514
-4816
-4559
-2828
-1233
729
3018
2942
199
-988
2728
7643
7412
2835
-57
926
1889
43
-2842
-5301
-6988
-6952
-4999
-2974
-2140
-670
2225
3772
3036
3524
6102
5372
-788
-5079
-2087
1449
-2097
-7419
-5389
1051
2558
-644
-703
3450
4948
1506
-1158
426
2220
209
-3280
-3536
-466
1469
219
-938
1145
4482
5161
3643
3440
5190
5961
5175
5111
2772
-7836
-19734
-16082
-517
3390
-10755
-18848
-2971
17374
18934
7070
113
3942
8605
7758
2866
-4032
-9121
-8675
-3753
-714
-2436
-4794
-4714
-2827
-856
1205
3199
2729
-33
-707
3475
8043
7080
2416
-56
937
1489
-324
-2918
-5561
-7463
-7041
-4612
-2688
-2055
-347
2618
3770
3006
3993
6524
4829
-1789
-5149
-1418
1423
-2992
-7836
-4783
1609
2414
-772
-234
3852
4693
1193
-986
636
1933
-322
-3406
-3143
-193
1220
3
-511
1818
4554
4767
3548
3532
4826
5424
5406
5809
2384
-9534
-20436
-14565
981
2683
-12589
-18827
-948
18728
18535
5899
-315
4485
9166
7678
2004
-4952
-9340
-8264
-3380
-775
-2568
-4776
-4642
-2802
-729
1602
3436
2432
-477
-601
4073
8310
6748
2003
-155
1012
1528
-371
-3155
-5885
-7561
-6899
-4491
-2677
-1939
-161
2636
3781
3247
4375
6624
4462
-2181
-5107
-1117
1271
-3594
-8066
-4375
1999
2281
-979
-55
4137
4700
995
-1045
714
1904
-436
-3400
-2999
-122
1201
62
-423
1803
4408
4585
3427
3477
4861
5562
5755
6327
2447
-10569
-21506
-13975
2356
2623
-14202
-19532
224
19846
18453
5309
-392
4772
9291
7791
1984
-5254
-9802
-8427
-3046
-474
-2507
-4908
-4815
-2865
-668
1799
3527
2248
-879
-825
4348
8736
6838
1707
-253
1385
1835
-482
-3437
-5935
-7522
-7121
-4819
-2754
-1787
-87
2809
4225
3517
4259
6596
4599
-2501
-5629
-1158
1451
-3788
-8308
-3934
2712
2419
-1273
-74
4425
4725
637
-1444
586
1974
-419
-3418
-2953
41
1391
148
-297
2035
4437
4401
3464
3824
5078
5652
6138
5922
-613
-14247
-20449
-8973
4027
-1642
-17439
-15190
6783
20543
14289
2526
885
6549
8907
6214
305
-6376
-9645
-6810
-1649
-803
-3484
-4996
-4128
-2370
-452
2095
3459
1496
-1347
110
5805
8822
5553
757
34
1975
1602
-1394
-4321
-6282
-7124
-6359
-4443
-2855
-1470
913
3102
3164
2981
5409
7166
2785
-4077
-4305
793
751
-5743
-8048
-2044
3015
931
-1879
995
5085
3865
-273
-900
1709
2041
-1286
-3795
-2166
840
1062
-624
-203
2916
5052
4521
3706
4565
5856
6371
6390
2597
-8958
-19788
-14996
-142
2523
-11437
-18281
-2198
17299
18433
6677
-13
3863
8333
7385
2507
-4123
-8762
-7985
-2975
-229
-2312
-4556
-4178
-2776
-1752
198
2858
2729
-412
-1341
3241
8386
7650
2708
-76
1153
2183
61
-3423
-6025
-6987
-6347
-4931
-3708
-2414
56
2785
3282
2271
3595
6817
5564
-1451
-5293
-1129
2334
-2477
-8144
-5044
1772
2226
-1720
-1128
3795
5068
1154
-1339
872
2919
572
-3179
-3181
94
1591
-205
-1187
1451
4602
4668
3338
4119
6172
6684
6251
4317
-4185
-16811
-18223
-4855
3663
-6259
-18507
-9412
12159
20102
10745
691
1647
7323
8525
4635
-2173
-8085
-8837
-4271
-283
-1441
-4273
-4509
-2922
-1847
-683
1868
3127
659
-1850
1125
7247
8681
4187
188
727
2466
1163
-2349
-5389
-6875
-6623
-5257
-3969
-3031
-1155
2100
3853
2624
2375
5664
6894
944
-5267
-3173
1994
-139
-6866
-6760
-11
2870
-481
-1809
2258
4952
2240
-1073
-20
2578
1478
-2336
-3684
-827
1829
628
-1360
257
3968
5186
3689
3265
5089
6617
6735
5402
-992
-13232
-19232
-9567
2486
-1569
-15705
-14630
5308
19510
14966
3401
274
5251
8617
6672
422
-6808
-9652
-5947
-841
-721
-3847
-4756
-3115
-1926
-1346
840
3242
2036
-1379
-688
5224
9039
6029
855
-122
2066
2056
-1135
-4611
-6531
-6711
-5651
-4232
-3189
-1794
849
3076
3000
2463
4476
6670
3454
-3087
-4208
473
1304
-4552
-7531
-2559
2265
581
-2022
733
4684
3420
-462
-539
2442
2534
-1292
-3885
-1894
1399
1268
-1126
-876
2779
5309
4409
3249
4393
5945
6290
6012
2015
-9324
-19137
-13647
464
2204
-11322
-17311
-1690
16727
17709
6370
-452
3028
7873
7672
2797
-4466
-9119
-7355
-1829
195
-2798
-4991
-3803
-2090
-1684
-336
2551
2898
-350
-1574
3172
8521
7501
2240
-294
1384
2382
-63
-3625
-5945
-6594
-6002
-4744
-3418
-2117
66
2548
3118
2356
3544
6240
4817
-1588
-4831
-954
1936
-2589
-7419
-4284
1700
1671
-1768
-580
3974
4416
310
-1411
1522
3225
107
-3769
-3126
741
2080
-308
-1589
1416
5069
5004
3088
3496
5802
6652
6000
3870
-3833
-15441
-17716
-5989
2898
-4964
-16742
-9978
10191
19417
11787
1755
1270
6332
8221
5238
-1451
-8136
-9348
-4471
-71
-1446
-4708
-4637
-2470
-1463
-874
1482
3224
1211
-1481
861
6757
8547
4358
275
564
2229
984
-2329
-5030
-6478
-6660
-5524
-3817
-2490
-954
1449
2773
2128
2833
6133
6625
906
-4252
-2203
1710
-725
-6383
-6221
-916
1260
-864
-902
2727
4498
1903
-535
916
3106
1500
-2602
-3943
-994
1651
572
-1371
17
3683
5356
4269
3533
4910
6400
6447
4772
-1712
-13019
-18127
-8981
2051
-1958
-14686
-12953
5701
18430
13799
3224
568
5051
7788
5949
498
-6296
-9328
-5804
-426
-147
-3799
-5216
-3286
-1458
-965
418
2412
1733
-890
-129
5196
8611
5707
969
212
2108
1652
-1619
-4543
-6001
-6442
-5815
-4325
-2752
-1203
994
3001
3244
2932
4428
5684
2160
-3558
-3782
517
457
-4972
-6500
-1083
2714
206
-1986
1262
4720
2752
-1077
-700
2313
2153
-1539
-3662
-1566
1370
1079
-1098
-734
2704
5123
4274
2834
3741
5716
6279
6025
3919
-4907
-17027
-17396
-3717
3976
-6956
-18807
-8458
13235
19919
9707
418
2278
7689
8312
4439
-2190
-8320
-9121
-4268
-259
-1648
-4601
-4735
-2909
-1427
107
2406
2937
229
-1561
2019
7576
7910
3105
-11
1369
2618
296
-3119
-5017
-6016
-6688
-6005
-3959
-2011
-413
1610
3165
3329
3973
5961
5339
-164
-4463
-2292
990
-1831
-6877
-5452
477
2160
-723
-768
3285
4755
1372
-1124
805
2785
537
-3194
-3413
-276
1497
-80
-1489
556
4018
4893
3412
2943
4687
6032
5415
4951
3605
-4458
-16570
-17240
-3825
3582
-7165
-18130
-7325
13327
18871
8841
630
3133
8063
7896
3680
-2341
-7486
-8413
-4636
-1179
-1859
-4104
-4699
-3496
-1567
741
2742
2480
32
-771
2780
7190
7039
3124
715
1358
1683
-189
-2501
-4519
-6583
-7314
-5678
-3250
-2003
-825
1636
3398
3350
3839
5698
4980
-132
-3976
-2084
674
-2044
-6454
-5021
162
1632
-607
-357
3083
4193
1377
-562
999
2281
99
-2936
-2839
-272
926
-288
-912
1269
4059
4506
3416
3566
5190
5721
5094
5107
2149
-8957
-19403
-13749
1047
2380
-12171
-17435
-150
17796
16814
5147
228
4596
8082
6649
2086
-4126
-8706
-7828
-2808
-344
-2463
-4659
-4318
-2651
-1064
971
2977
2303
-587
-776
3940
8221
6635
1897
27
1470
1799
-623
-3500
-5562
-6778
-6630
-4985
-3011
-1522
356
2471
3211
3195
4860
6707
3691
-2805
-4697
-750
722
-3978
-7235
-3447
1614
1526
-598
912
4022
3476
290
-505
1465
1717
-1260
-3645
-2271
677
1072
-717
-540
2452
4527
3947
3118
3852
4929
4724
4443
5044
1787
-9529
-18798
-12124
1726
1499
-12767
-16216
1269
17408
15224
4094
508
5375
8326
6135
1340
-4076
-7797
-7183
-3202
-1063
-2398
-4267
-4557
-3116
-711
1868
3031
1500
-760
154
4614
7600
5636
1765
469
1416
1131
-989
-3293
-5424
-6823
-6385
-4471
-2712
-1513
454
2640
2897
2374
4329
6703
3703
-2613
-3898
13
636
-4244
-6676
-2852
993
235
-1107
1287
4071
2945
137
36
1987
1781
-1136
-3085
-1808
485
577
-723
-125
2502
4020
3630
3683
5066
5871
5282
5108
3725
-4654
-16574
-16786
-3645
3193
-7150
-17133
-6494
13067
18166
8675
887
2857
7146
7125
3508
-2228
-7435
-8261
-4171
-480
-1277
-3758
-4343
-3116
-1610
122
2199
2479
51
-1363
2090
7234
7636
3423
357
1075
2090
282
-2823
-5142
-6398
-6522
-5418
-3736
-2063
3
2224
3242
3045
3813
5739
4576
-949
-4514
-1974
897
-2133
-6492
-4526
952
2094
-610
-462
3086
4045
1086
-823
682
1981
31
-2657
-2436
-6
1001
-327
-813
1466
3978
3923
2730
3333
5221
5657
4892
5016
2866
-7286
-18183
-14240
13
2654
-11174
-17853
-1995
16616
16937
5380
-4
4632
8567
6805
2027
-3569
-7770
-7696
-3595
-698
-1859
-4139
-4672
-3281
-1001
1470
2935
1692
-893
-530
4017
7751
6214
2103
523
1575
1564
-591
-3097
-5286
-6823
-6613
-4766
-2907
-1675
133
2518
3625
3252
3859
5560
3953
-1687
-4449
-1153
854
-3349
-6862
-3361
1730
1317
-1368
182
3900
3627
202
-687
1429
1883
-754
-2837
-1761
428
618
-735
-501
2062
3998
3570
2980
4130
5423
5220
5002
5280
1074
-10676
-18879
-11218
1904
298
-13785
-15417
2986
18230
14903
3707
656
5517
8089
5689
777
-4839
-8400
-7099
-2664
-634
-2253
-4168
-4317
-2876
-571
1976
3013
1170
-1132
255
5086
7885
5509
1530
500
1595
1159
-1255
-3746
-5702
-6882
-6406
-4472
-2511
-1016
877
2790
3390
3647
5294
6177
2410
-3471
-4432
-773
-256
-4757
-6677
-2346
2009
1485
-138
1671
4084
2845
-105
-358
1350
878
-1885
-3221
-1479
672
568
-527
138
2455
3777
3293
2996
3826
4529
4255
4309
5663
4115
-5996
-17860
-15401
-968
3499
-9487
-18055
-4325
14895
17221
6728
921
4662
8053
6377
2681
-1892
-6902
-8931
-5446
-957
-952
-4070
-5707
-3876
-543
1894
2724
1818
159
173
3307
6855
6555
3002
475
593
974
-252
-2502
-5076
-7027
-6850
-4779
-2832
-1733
-71
2420
3681
3397
4274
6271
4508
-1880
-5352
-2114
565
-3086
-7113
-4282
1430
2374
-89
439
3615
3893
796
-829
635
1435
-654
-2956
-2396
-49
865
-99
-309
1560
3324
3321
3060
3825
4662
4511
4119
4952
4811
-2407
-14862
-17574
-5450
3621
-4746
-16693
-9536
10021
17773
9864
1831
3215
7249
6856
3882
-67
-5254
-8771
-6748
-1790
-407
-3238
-5677
-4691
-1483
1236
2522
2298
780
-114
2046
6083
7296
4189
726
240
1100
367
-1855
-4440
-6656
-7203
-5585
-3277
-1836
-542
1643
3429
3761
4199
5548
4669
-351
-4433
-2772
233
-1977
-6399
-5191
508
2663
52
-720
2631
4470
1752
-1017
-26
1784
455
-2347
-2686
-636
724
182
-410
816
2836
3578
3216
3321
4194
4666
4623
5358
5274
-1330
-13777
-17805
-6522
3669
-3231
-16316
-11759
7786
17873
11173
1970
2071
6636
7351
4710
637
-4685
-8558
-6994
-1915
-64
-2834
-5641
-5071
-2085
686
2350
2534
910
-528
1363
5829
7722
4769
905
116
1115
644
-1458
-3975
-6333
-7309
-5972
-3471
-1778
-629
1312
3008
3359
4002
5772
5254
199
-4178
-2735
430
-1460
-6165
-5699
-254
2321
-7
-1038
2192
4495
2213
-787
-82
2038
1087
-1960
-2877
-958
605
15
-806
409
2664
3580
3149
3190
4188
4816
4589
5011
5399
129
-11863
-17875
-8539
2920
-1137
-14361
-13380
4616
17073
12553
2626
1002
5736
7621
5262
1066
-3978
-7737
-6837
-2277
-49
-2346
-5302
-5210
-2481
226
1862
2261
1035
-415
917
5112
7539
5268
1403
155
1110
943
-1093
-3704
-6131
-7208
-6080
-3696
-1991
-969
873
2921
3741
4011
5227
5544
1638
-3724
-4192
-720
-896
-5479
-6361
-1144
2644
920
-669
2156
4860
2724
-953
-815
1612
1273
-1916
-3401
-1463
776
650
-568
34
2350
3649
3084
2761
3846
4820
4526
4269
5093
3092
-6388
-16407
-13395
-948
1893
-9615
-15758
-2755
13681
15080
5864
1155
4597
7553
6101
2625
-1857
-6452
-7893
-4526
-808
-1358
-4491
-5719
-3506
-291
1578
2071
1473
291
463
3414
6660
6207
2770
458
662
1033
-265
-2697
-5407
-7093
-6519
-4401
-2600
-1526
166
2439
3524
3371
4147
5496
3536
-1618
-3913
-1314
-64
-3638
-6151
-2994
1128
779
-1155
583
3991
3648
254
-860
1293
2321
-73
-2788
-2362
22
799
-435
-685
1260
2988
2931
2883
4185
5235
4553
3827
4869
3887
-4884
-15902
-14725
-2324
2665
-7214
-14741
-4420
11721
15089
7179
1433
3184
6220
5944
3092
-1493
-6016
-7153
-4060
-819
-1174
-3602
-4748
-3506
-1246
678
1997
1834
256
-91
2816
6479
6498
3199
671
629
1001
-83
-2362
-5080
-6805
-6302
-4390
-2794
-1588
334
2379
3218
3356
4325
5325
3260
-1615
-4171
-2045
-431
-3288
-5857
-3117
1312
1534
-507
649
3837
3667
110
-1336
777
1955
-285
-2881
-2346
34
930
-137
-516
1250
3005
3049
2871
3809
4726
4476
4287
5631
5065
-3631
-16093
-16570
-3390
3645
-6720
-17102
-7176
11954
17258
8484
1560
3518
6892
6390
3654
-819
-6395
-8882
-5450
-733
-645
-3750
-5253
-3651
-926
1053
2133
2017
535
-267
2174
6268
7126
3830
627
399
1168
195
-2231
-4964
-6963
-7008
-5200
-3061
-1543
177
2268
3413
3494
4195
5519
4088
-945
-4199
-2222
-63
-2720
-6048
-3967
782
1535
-798
-173
3423
4108
718
-1215
802
2469
400
-2594
-2483
-125
833
-403
-969
854
2864
2977
2632
3544
4768
4929
4361
4627
4788
-475
-11829
-17097
-8071
2136
-2425
-14030
-11015
6259
16271
11129
3019
2572
5986
6415
4226
684
-4364
-8198
-6881
-2164
-235
-2568
-5106
-4617
-1703
882
1863
1715
851
123
1396
4825
6839
4968
1610
192
699
649
-1083
-4012
-6719
-7263
-5469
-3223
-1869
-571
1437
3204
3870
4254
5186
4502
246
-3905
-3260
-612
-1819
-5247
-4746
-388
1931
563
42
2334
3623
1512
-663
81
1502
557
-1808
-2433
-773
649
197
-674
231
2222
3102
2962
3357
4170
4474
4415
4804
5445
2269
-8270
-17523
-12649
-110
878
-11185
-14802
351
15538
14644
5375
2051
5329
6878
4984
1924
-2759
-7836
-8526
-3895
-190
-1590
-4669
-4946
-2386
179
1449
2063
1686
287
281
3525
7042
6428
2570
-29
380
1119
-265
-3373
-6473
-7536
-6130
-3919
-2369
-1044
1010
3003
3633
3622
4680
5353
2225
-2829
-3814
-858
-596
-4424
-5810
-1849
1668
522
-1035
1273
4053
2714
-427
-489
1744
1834
-870
-2668
-1492
446
464
-736
-429
1628
3000
2842
3000
4171
4842
4357
4040
5188
4812
-3174
-15395
-16817
-4611
2991
-5805
-15741
-7024
11127
16865
8995
2293
3795
6579
5677
3092
-686
-5937
-9007
-6162
-1145
-381
-3319
-5036
-3513
-787
1038
1986
1983
679
-219
1938
5978
7152
4107
642
46
1043
582
-2023
-5422
-7462
-6824
-4616
-2829
-1679
72
2363
3740
3888
4369
5385
3803
-1268
-4584
-2679
-515
-2940
-5921
-3682
1036
1898
-75
562
3476
3631
472
-1154
547
1761
-160
-2624
-2244
18
924
-166
-656
930
2689
2935
2705
3376
4193
4294
4200
4929
5916
2096
-9546
-18318
-11672
1201
300
-13000
-14887
2351
16895
14023
4335
2319
6312
7123
4431
1312
-3120
-8033
-8649
-3913
-167
-1668
-4731
-4828
-2130
441
1672
2192
1550
-27
232
3902
7343
6165
2037
-196
728
1524
-381
-3980
-6948
-7471
-5803
-3812
-2455
-1036
1155
3213
3921
3870
4596
4969
1966
-2723
-3621
-966
-908
-4511
-5508
-1471
1687
279
-1029
1554
4108
2308
-786
-269
2143
1776
-1261
-2736
-1066
763
276
-1097
-501
1792
3054
2690
2749
4051
5008
4615
3962
4704
4558
-2665
-14679
-16974
-5535
2499
-5254
-14939
-7063
10507
16462
9104
2791
4275
6654
5073
2411
-465
-5060
-8652
-6851
-1837
-135
-2676
-4866
-3875
-1082
984
1899
1891
679
-215
1817
5860
7269
4318
713
57
1220
752
-2191
-5737
-7504
-6664
-4634
-3024
-1858
-56
2333
3977
4335
4422
4869
3694
-448
-4009
-3218
-1126
-2708
-5515
-3878
596
1880
122
502
3363
3786
720
-1001
645
1743
-255
-2637
-2230
-131
646
-232
-523
911
2649
3009
2619
3206
4298
4444
3950
4247
5359
3134
-6620
-16695
-13760
-1593
1217
-9487
-14577
-1676
13720
14710
6549
2899
5501
6548
4382
2067
-1346
-6532
-9144
-5686
-727
-632
-3939
-5334
-3122
2
1575
2030
1633
317
127
3114
6833
6650
2904
125
482
1487
189
-3214
-6593
-7741
-6223
-3970
-2715
-1706
470
3046
4104
3798
4309
5195
2997
-1808
-3730
-1492
-703
-3805
-5632
-2643
903
632
-689
1014
3527
2680
58
-45
1843
1783
-765
-2327
-1242
223
-10
-939
-397
1379
2462
2611
3112
4090
4441
4177
4107
4791
5107
191
-11276
-17791
-9545
1840
-1087
-12908
-11688
4977
16136
12054
4110
3116
5615
5204
3403
1507
-2962
-8325
-8465
-3004
657
-1343
-4804
-5022
-2190
548
1750
1901
930
-310
887
4897
7510
5525
1571
-42
918
1192
-1053
-4644
-7258
-7195
-5186
-3363
-2303
-752
1724
3593
3833
3861
5014
4913
923
-3693
-3728
-990
-1542
-4939
-5000
-899
1637
520
96
2441
3672
1472
-585
453
1916
561
-2001
-2371
-693
352
-212
-679
374
1918
2539
2669
3315
4031
4045
3813
3939
4687
4674
-665
-11735
-17028
-8468
1677
-2165
-13052
-10425
5784
15480
11229
4355
3860
5714
4928
3549
1765
-3217
-8776
-8486
-2745
527
-1961
-5314
-4934
-1645
935
1737
1764
1027
159
1397
5012
7174
5224
1609
98
889
931
-1362
-4907
-7339
-6974
-5008
-3487
-2500
-630
2149
3759
3385
3258
4865
5049
951
-3521
-3103
-339
-1364
-4924
-4834
-939
1048
-308
-408
2218
3411
1337
-336
916
2328
924
-1638
-2110
-650
229
-312
-742
248
1790
2529
2724
3379
4382
4689
4120
3855
4824
4175
-3740
-15428
-16317
-4235
2794
-5835
-14585
-5581
11127
15630
8364
3032
4334
5516
4016
2749
325
-5192
-9233
-6485
-694
456
-2905
-5293
-4051
-1055
1018
1809
1449
170
-88
2626
6427
6985
3908
908
508
1154
185
-2609
-5805
-7343
-6423
-4498
-3068
-1739
572
2870
3599
3367
4054
5150
3396
-1247
-3850
-1943
-237
-2743
-5474
-3419
628
1095
-703
108
2867
3033
534
-270
1485
2116
6
-2019
-1573
-125
114
-678
-751
599
2137
2760
2952
3660
4455
4379
3876
4192
5034
2326
-7407
-16541
-12895
-1234
948
-9023
-12791
-318
13238
13501
6246
3223
4850
4930
3396
2181
-1080
-6538
-8746
-4691
97
-328
-3763
-5086
-3066
-251
1222
1574
1071
173
625
3589
6583
6136
3104
863
674
652
-765
-3298
-6091
-7356
-6183
-4051
-2567
-1089
1322
3248
3425
3214
4400
5226
2350
-2452
-3644
-1057
-540
-3739
-5254
-2190
960
402
-804
955
3250
2324
15
185
1946
1701
-727
-2084
-1115
69
-72
-761
-443
1073
2408
2705
2836
3723
4460
4085
3365
3831
4942
1888
-8170
-16364
-11523
-329
310
-9715
-11862
1084
13268
12497
5680
3357
4816
4664
3362
2162
-1478
-6990
-8481
-3962
261
-806
-4119
-4831
-2510
50
1178
1415
1084
401
916
3698
6376
5832
2876
691
478
487
-823
-3446
-6245
-7235
-5878
-3820
-2432
-838
1570
3222
3275
3453
5129
5540
1592
-3513
-3961
-927
-939
-4513
-5461
-1752
1406
760
-170
1646
3392
2001
-206
232
1883
1179
-1480
-2517
-999
407
-30
-960
-445
1234
2456
2630
2718
3497
4152
3894
3236
3500
4989
3877
-4606
-15071
-14382
-3157
1764
-6714
-13235
-3999
10473
13849
7887
3978
4685
4777
3623
3196
609
-5613
-9471
-6012
-384
-78
-3632
-5113
-3071
-515
602
1302
1742
1006
262
2067
5652
6793
4205
895
-36
735
312
-2385
-5901
-7446
-6203
-4201
-3058
-1729
906
3145
3330
2901
4234
5687
3251
-1957
-3879
-1241
-174
-3420
-5630
-2843
849
619
-988
469
3240
2824
110
-263
1826
2141
-474
-2387
-1315
402
131
-1211
-1039
924
2383
2247
2187
3409
4410
3883
3016
3390
4703
4061
-2393
-12325
-14790
-6079
1056
-3970
-11744
-6568
7415
13601
9092
4339
4435
4860
3455
2748
1360
-3740
-8600
-7137
-1601
467
-2403
-4911
-3825
-986
620
992
1352
1188
561
1481
4641
6723
5012
1523
-136
559
701
-1682
-5389
-7343
-6211
-4123
-3143
-2271
239
2927
3576
3145
3983
5181
3324
-1143
-3505
-1887
-522
-2708
-5108
-3439
404
1396
-307
-241
2291
3189
980
-429
970
1893
44
-2021
-1534
72
209
-877
-1061
487
2126
2333
1882
2610
4254
4471
3182
2809
4304
5249
857
-9426
-15774
-9805
-125
-1121
-10127
-10148
2620
12811
11385
5816
4194
4677
3801
3194
2470
-1867
-7782
-8471
-3226
468
-1364
-4420
-4384
-1902
63
831
1444
1451
501
630
3648
6735
6017
2472
149
591
1035
-886
-4397
-6864
-6640
-5001
-3786
-2752
-484
2229
3355
3084
3416
4843
4554
830
-2991
-2808
-653
-1583
-4626
-4456
-757
1224
-251
-844
1691
3533
1741
-491
304
2028
1167
-1380
-2102
-590
396
-388
-1138
-76
1717
2215
1817
2459
3877
4145
3276
2800
3468
4524
3232
-3736
-12856
-13548
-4749
457
-5232
-10671
-3842
8262
12236
8284
5008
4665
3844
2729
2869
971
-4781
-8722
-5976
-743
-80
-3223
-4623
-2794
-592
115
775
1721
1405
452
1717
5160
6564
4209
1002
141
858
75
-2832
-5779
-6539
-5518
-4397
-3385
-1543
1119
2933
3223
3268
4374
5139
2769
-1700
-3693
-1986
-1071
-3339
-4881
-2496
794
983
-205
900
3125
2704
151
-503
1205
1607
-597
-2366
-1451
319
315
-877
-768
977
2246
2031
1800
2729
3765
3516
2680
2821
4077
5027
2406
-5971
-13952
-11851
-2659
-111
-7463
-10949
-1574
10113
12119
7486
4637
4492
3852
3350
3182
-287
-6575
-8935
-4583
-126
-1083
-4093
-4232
-1914
-437
1
1182
2141
1135
9
2161
5980
6604
3326
357
483
1280
-274
-3663
-6108
-6290
-5390
-4528
-3265
-838
1749
2955
2902
3117
4431
4838
1950
-2252
-3122
-1035
-1019
-3770
-4518
-1493
858
-139
-902
1368
3492
1994
-483
50
2028
1567
-1055
-2116
-716
414
-235
-1058
-162
1554
2132
1692
2138
3711
4306
3487
2952
3725
4900
3230
-4355
-13319
-13217
-4220
306
-5877
-10840
-3274
8791
12188
7879
4677
4558
3844
2746
2789
792
-4852
-8533
-5610
-528
-27
-3170
-4659
-2986
-817
83
784
1521
1085
295
1919
5457
6689
4226
1118
310
904
159
-2616
-5691
-6818
-5867
-4398
-3106
-1322
1021
2704
3029
2948
3962
4867
2741
-1517
-3210
-1345
-630
-3035
-4545
-2315
526
362
-758
595
2864
2305
-83
-324
1482
1828
-270
-1837
-1004
330
144
-788
-510
888
1839
1872
2083
3141
3952
3675
3085
3435
4578
3879
-2187
-11291
-13682
-6280
14
-3810
-9982
-5629
6092
11903
8923
4971
4244
3923
2884
2698
1451
-3279
-7736
-6422
-1448
316
-2215
-4370
-3456
-1314
-164
520
1299
1146
293
1320
4637
6561
4830
1612
290
839
485
-1922
-4977
-6529
-6010
-4625
-3304
-1704
423
2184
2796
2787
3513
4478
3148
-615
-2898
-1666
-478
-2176
-4057
-2701
97
519
-631
57
2209
2339
292
-478
987
1861
380
-1352
-1120
119
392
-370
-498
500
1449
1722
2086
3155
3934
3598
2999
3433
4739
4224
-2122
-12021
-14471
-5999
1014
-3527
-10625
-5874
6731
12483
8779
4525
3974
3718
2603
2549
1512
-3293
-7837
-6408
-1193
722
-1828
-4170
-3637
-1618
-204
746
1377
839
-71
1276
4871
6649
4684
1527
370
888
414
-1949
-4869
-6413
-6091
-4779
-3267
-1445
646
2116
2547
2564
3540
4676
3106
-843
-2912
-1375
-204
-2082
-3993
-2653
7
332
-702
80
2125
2133
199
-328
1222
2009
419
-1304
-1022
191
416
-369
-574
331
1350
1747
2092
3010
3715
3546
3185
3729
4859
3791
-2888
-12179
-13670
-5228
744
-4254
-10466
-4876
7312
12188
8248
4337
3984
3586
2478
2472
1218
-3711
-7831
-5832
-757
634
-2098
-4199
-3408
-1424
-136
667
1185
644
-95
1431
4948
6547
4445
1378
472
1086
471
-2123
-5070
-6350
-5808
-4617
-3307
-1440
824
2218
2351
2395
3673
4797
2831
-1189
-2802
-1146
-333
-2293
-3855
-2398
-16
233
-588
293
2051
1804
69
-157
1315
1716
77
-1226
-732
226
232
-411
-420
478
1357
1726
2206
3232
3905
3494
2851
3257
4314
3217
-2918
-11172
-12711
-5611
-87
-3577
-8527
-3998
6325
10890
8057
4801
4004
3086
1934
2115
1131
-3279
-7122
-5602
-1150
284
-1851
-3619
-3136
-1623
-385
588
1163
715
135
1535
4606
6053
4301
1616
573
718
46
-2120
-4695
-6001
-5605
-4410
-3087
-1344
836
2301
2395
2198
3269
4498
2846
-1003
-2665
-1191
-479
-2216
-3462
-2083
-143
-68
-591
482
2050
1584
-55
-80
1366
1671
88
-1117
-620
234
159
-345
-280
352
1019
1537
2207
3100
3697
3562
3098
3332
4167
3071
-2816
-10735
-12346
-5789
-542
-3598
-8040
-3763
5960
10464
8007
4936
4046
3066
1899
1927
926
-3195
-6787
-5346
-1160
201
-1767
-3338
-2912
-1711
-602
533
1182
593
16
1566
4595
5918
4248
1798
770
742
-27
-2147
-4606
-5943
-5668
-4447
-3029
-1404
638
2217
2472
2471
3672
4524
2268
-1531
-2649
-1114
-742
-2422
-3266
-1813
18
256
-160
533
1619
1261
1
-37
1111
1346
-68
-1148
-489
477
273
-406
-377
302
1083
1767
2328
2779
3186
3393
3315
3552
4195
3231
-2037
-9783
-12370
-6670
-971
-3278
-8184
-4895
5077
10614
8432
5014
4179
3593
2308
1947
1083
-2761
-6719
-5883
-1620
317
-1489
-3400
-3101
-1666
-485
414
978
590
-17
1194
4228
6008
4622
2061
991
1064
232
-1957
-4318
-5740
-5871
-4906
-3360
-1605
325
1959
2580
2457
2998
4117
3206
-249
-2480
-1482
-499
-1952
-3346
-2159
-216
-172
-910
88
1948
1745
-105
-370
1280
1936
410
-1044
-573
422
147
-696
-547
444
1006
1067
1708
3026
3800
3420
2793
3039
4001
3768
-172
-7415
-12080
-8921
-2419
-1631
-6198
-6300
1613
9059
9398
6059
4210
3481
2322
1839
1527
-1266
-5508
-6323
-2847
6
-790
-2887
-3236
-2105
-1009
-135
759
911
204
606
3172
5637
5243
2794
1179
1062
548
-1442
-3772
-5186
-5558
-5169
-3972
-2069
-3
1579
2275
2334
2673
3766
3702
885
-1999
-1807
-416
-1267
-3109
-2708
-689
-59
-847
-428
1425
1964
426
-406
824
1933
1022
-657
-800
224
382
-483
-698
188
858
869
1320
2541
3399
3250
2776
2938
3722
3950
2110
-2827
-8976
-10920
-6527
-1777
-3046
-6662
-3927
4468
9637
8212
5012
3661
3068
2388
2010
581
-3119
-6110
-4916
-1448
-209
-1807
-3191
-2808
-1629
-667
203
815
553
185
1420
4214
5746
4322
1935
1121
1223
-43
-2545
-4449
-5084
-5288
-5026
-3488
-1130
808
1764
2153
2394
3129
3968
2828
-330
-2205
-1227
-455
-1871
-3124
-2045
-298
-289
-890
144
1773
1364
-226
-162
1424
1884
371
-908
-421
517
162
-685
-418
512
730
605
1495
2857
3315
2783
2435
3083
3940
3756
1585
-3021
-8576
-10419
-6314
-1875
-3103
-6410
-3568
4534
9491
8131
4811
3366
3027
2655
2033
129
-3405
-5819
-4413
-1351
-485
-2020
-3098
-2576
-1523
-666
112
722
544
304
1593
4266
5608
4055
1815
1208
1216
-302
-2732
-4332
-4921
-5193
-4834
-3208
-1036
651
1610
2107
2302
2886
3586
2445
-398
-1871
-960
-543
-1915
-2734
-1546
-261
-552
-918
261
1618
1013
-446
-179
1439
1790
258
-829
-175
581
-1
-740
-247
537
486
497
1626
2887
3042
2536
2454
3145
3854
3713
1824
-2747
-8554
-10527
-6221
-1593
-2977
-6596
-3829
4544
9601
7998
4543
3304
3173
2740
2013
113
-3351
-5706
-4236
-1162
-415
-2062
-3076
-2428
-1452
-760
15
714
488
120
1481
4267
5536
3906
1772
1313
1307
-268
-2672
-4206
-4826
-5155
-4729
-3082
-1020
530
1494
1911
2019
2908
3809
2391
-668
-1872
-690
-300
-1726
-2579
-1465
-350
-615
-741
455
1347
441
-577
112
1611
1653
149
-743
-11
787
170
-638
-316
362
453
686
1722
2688
2873
2615
2621
3016
3310
3061
1576
-2358
-7861
-10026
-6241
-1790
-2561
-5598
-3332
3892
8559
7572
4621
3250
2816
2300
1743
163
-2967
-5128
-3748
-1095
-681
-2181
-2859
-2122
-1421
-1106
-457
512
725
493
1539
3961
5217
3834
1797
1170
1138
-194
-2516
-4230
-4733
-4562
-4042
-2933
-1284
497
1610
1540
1505
2751
3541
1758
-883
-1320
-207
-234
-1532
-2037
-1185
-477
-595
-549
262
721
149
-372
326
1514
1445
208
-396
316
755
72
-519
-225
198
397
983
1864
2536
2745
2680
2683
2924
3080
2650
960
-3299
-8585
-9673
-5124
-1175
-2852
-5403
-1868
5260
8508
6642
4145
3191
2471
1634
1166
-192
-3152
-4906
-3208
-550
-484
-2338
-2997
-1906
-1058
-1213
-884
332
967
786
1785
4137
5025
3400
1439
1062
1050
-492
-3054
-4700
-4570
-3794
-3350
-2722
-1084
819
1375
1088
1786
3020
2624
574
-824
-461
246
-309
-1517
-1745
-888
-246
-501
-706
-177
325
73
-139
678
1557
1185
153
27
661
672
-83
-568
-333
194
802
1298
1816
2520
2960
2885
2633
2674
2767
2044
-1233
-6906
-9940
-6653
-1582
-1667
-4923
-3563
3051
7679
6771
4369
3478
2637
1140
735
811
-1335
-4341
-4110
-892
516
-1369
-3075
-2390
-1123
-1265
-1595
-563
799
979
1218
3020
4705
4082
1922
767
1017
498
-1959
-4367
-4474
-3133
-2558
-2801
-2012
-69
977
774
1057
2066
2157
915
-73
142
681
220
-1017
-1526
-876
-230
-593
-1196
-931
-14
393
110
285
1105
1420
763
278
510
582
18
-501
-364
114
594
1061
1632
2362
2903
2897
2594
2457
2474
2166
-34
-5181
-9495
-7841
-2441
-772
-3773
-4144
1278
6631
6779
4457
3504
2810
1007
113
807
-83
-3086
-4238
-1749
554
-404
-2445
-2641
-1549
-1493
-2024
-1150
737
1351
964
1993
4037
4435
2593
1019
897
421
-1625
-3659
-3754
-2732
-2498
-2888
-2133
-204
941
742
541
992
1350
1109
634
374
407
268
-303
-782
-632
-267
-625
-1416
-1390
-265
565
234
-102
580
1436
1303
653
314
282
144
-211
-349
25
573
887
1273
2094
2812
2796
2424
2267
2159
1943
1057
-2480
-7730
-9061
-4448
-302
-1882
-4373
-1226
4871
6852
4818
3491
3205
1504
-385
194
946
-1117
-3859
-3144
-77
651
-1370
-2680
-1899
-1517
-2320
-1908
450
1853
893
640
2712
4548
3731
1602
451
46
-962
-2385
-2921
-2591
-2541
-2943
-2378
-462
876
482
-346
-47
1070
1607
1043
272
220
533
424
-149
-548
-487
-576
-1181
-1466
-584
480
388
-168
219
1234
1530
912
284
117
85
-184
-423
-34
575
778
983
1757
2720
2981
2468
1821
1640
1778
1595
-896
-6068
-8959
-5700
-659
-708
-3670
-2456
2936
6010
4862
3584
3198
1564
-634
-130
1505
208
-3061
-3635
-681
1084
-347
-2278
-2318
-1875
-2307
-2005
7
1564
723
20
1899
4304
4067
1761
247
81
-356
-1586
-2385
-2291
-2265
-2622
-2206
-600
580
55
-953
-658
707
1484
1009
281
251
672
806
433
-224
-624
-678
-915
-1199
-843
-30
165
-233
-23
967
1546
1030
248
27
181
211
12
-72
143
553
1033
1546
2151
2485
2148
1484
1302
1557
1422
234
-3069
-6864
-6855
-2703
201
-1311
-2810
-59
4188
5174
3795
2806
1696
-205
-810
848
1230
-1288
-3399
-1993
629
756
-1074
-2247
-2021
-1887
-1854
-829
798
1077
125
598
2758
3978
2652
527
-308
-278
-708
-1527
-1927
-1923
-2004
-1912
-987
105
140
-696
-1071
-273
896
1162
502
114
492
967
825
194
-325
-518
-723
-986
-823
-298
31
-85
-87
467
1095
1072
455
24
93
238
98
3
182
382
632
1130
1768
2155
1947
1435
1121
1124
1130
1014
318
-2431
-5875
-5973
-2244
331
-1086
-2493
-175
3489
4431
3344
2454
1397
-327
-720
879
1158
-1279
-3208
-1801
625
730
-986
-1932
-1638
-1554
-1584
-671
808
851
-166
329
2424
3453
2034
136
-378
-138
-459
-1225
-1570
-1481
-1488
-1470
-935
-180
-135
-727
-925
-256
664
870
428
169
454
754
581
147
-156
-295
-497
-707
-604
-162
72
-103
-103
425
926
801
293
37
168
234
108
61
208
431
706
1162
1622
1769
1486
1093
941
900
777
578
478
-642
-3423
-5119
-3320
-411
-337
-1904
-1248
1689
3471
3018
2292
1759
553
-456
255
1008
-260
-2285
-2193
-217
678
-302
-1442
-1428
-1137
-1218
-978
98
794
148
-179
1041
2407
2037
520
-331
-192
-108
-618
-1086
-1109
-1053
-1288
-1354
-704
-29
-210
-788
-619
263
814
535
64
97
319
318
278
283
77
-267
-451
-310
41
170
-102
-304
43
586
652
320
154
164
124
152
295
339
302
448
913
1411
1474
1175
861
757
723
606
443
512
347
-1363
-3556
-3513
-1337
-294
-1314
-1656
172
2148
2461
2057
1764
1061
-75
-229
532
375
-1188
-2128
-970
495
420
-732
-1175
-790
-653
-833
-502
287
199
-385
23
1294
1723
778
-176
-169
234
47
-601
-890
-672
-816
-1283
-1033
-226
-57
-612
-744
-67
567
441
15
-47
127
248
365
423
229
-56
-227
-173
46
82
-216
-435
-108
423
506
250
158
191
150
200
336
293
144
303
789
1086
956
764
739
634
402
305
406
478
573
651
-233
-1937
-2596
-1523
-516
-884
-1362
-512
1113
1922
1673
1229
816
183
-153
68
36
-749
-1430
-883
236
539
-145
-662
-476
-285
-510
-601
-205
-128
-464
-287
586
1088
628
19
15
304
106
-389
-559
-642
-909
-951
-520
-69
-137
-509
-471
37
357
157
-203
-290
-77
276
502
429
165
-35
3
160
146
-132
-330
-192
156
411
380
208
130
231
354
327
167
8
23
272
611
747
625
530
532
481
390
352
289
200
352
788
880
-53
-1414
-1760
-1035
-567
-857
-987
-310
586
1083
1175
992
509
-82
-238
-8
33
-416
-829
-583
74
468
235
-265
-538
-549
-487
-394
-302
-395
-534
-286
305
670
511
130
-25
54
170
21
-557
-1003
-815
-362
-183
-178
-213
-253
-146
48
124
-62
-373
-433
-41
353
342
140
67
169
263
194
6
-95
-68
48
231
397
324
24
-29
253
356
127
-18
81
245
352
407
479
503
418
382
423
357
201
142
226
343
433
497
379
-117
-669
-814
-657
-586
-718
-628
-158
318
516
500
457
307
104
30
11
-155
-375
-321
-79
84
75
-40
-171
-276
-342
-360
-340
-356
-391
-291
-7
228
230
89
53
155
93
-258
-546
-510
-380
-337
-248
-85
-17
-34
-53
-57
-108
-248
-341
-257
-125
-69
-5
87
172
218
250
211
91
44
112
167
148
82
-4
23
139
171
139
140
149
176
265
315
282
233
242
323
381
308
155
92
112
171
267
351
322
206
235
306
119
-301
-578
-530
-437
-428
-371
-188
9
142
232
254
154
12
-43
-79
-146
-162
-96
-73
-71
10
46
-38
-178
-273
-281
-249
-256
-307
-268
-109
2
9
-10
-27
-98
-246
-308
-209
-133
-139
-67
74
102
31
-39
-130
-256
-324
-303
-223
-135
-77
27
171
241
210
183
167
104
67
86
99
88
76
83
144
253
252
129
73
108
148
142
109
143
266
341
280
202
175
138
96
104
117
91
138
247
297
281
243
175
37
-141
-256
-239
-216
-278
-322
-202
-12
82
66
-15
-53
1
64
-2
-122
-171
-116
-24
16
-15
-73
-85
-110
-127
-150
-217
-322
-344
-221
-117
-94
-136
-189
-189
-127
-65
-63
-77
-66
-23
65
110
13
-142
-197
-134
-87
-112
-134
-136
-108
-22
84
116
37
-48
6
182
257
176
67
71
159
179
124
73
79
110
135
128
126
138
128
140
167
167
161
126
51
38
84
124
169
188
161
145
172
228
206
106
70
100
78
-17
-134
-189
-139
-117
-144
-107
-38
-15
-6
-12
-22
7
-11
-74
-72
-61
-96
-114
-81
-55
-68
-129
-198
-214
-189
-194
-244
-244
-153
-73
-79
-80
-75
-72
-77
-112
-113
-84
-78
-92
-37
60
75
-11
-81
-50
-26
-65
-97
-68
-40
-8
69
153
185
147
112
88
57
25
15
19
40
118
156
145
176
197
150
110
123
120
66
20
16
41
93
131
121
104
135
168
134
100
129
127
84
56
51
57
68
87
62
5
-27
-76
-144
-172
-164
-157
-133
-48
38
36
-13
-20
-6
-52
-110
-132
-152
-174
-165
-92
-42
-35
-56
-98
-72
-61
-142
-216
-177
-110
-114
-120
-99
-59
-48
-39
18
39
-17
-76
-85
-54
-21
-69
-137
-102
4
59
15
-20
31
80
47
40
77
43
-24
-4
76
94
58
54
102
139
91
42
57
93
100
79
91
124
135
110
68
65
90
89
67
74
96
88
52
28
52
81
76
51
25
19
42
57
43
37
22
-11
-26
-27
-29
-64
-122
-96
-1
-11
-93
-102
-55
-33
-42
-51
-76
-99
-75
-34
-18
-44
-82
-78
-18
-2
-73
-134
-132
-87
-49
-48
-52
-54
-47
-5
35
12
-53
-77
-52
-15
-19
-62
-72
-28
13
2
-16
-9
20
27
28
71
83
26
19
60
30
-35
-66
-25
56
80
44
41
95
124
64
-8
-10
14
29
53
70
70
66
59
52
71
61
14
1
1
9
24
30
12
25
64
62
56
67
67
40
-6
-18
19
19
-22
-33
-18
2
7
0
-3
-13
-23
-10
-28
-63
-66
-42
-16
5
-3
-22
-6
-3
-41
-47
-34
-41
-53
-33
-6
-7
-15
-21
-9
-4
-27
-45
-42
-32
-27
-36
-8
33
12
-7
3
14
8
-7
9
41
17
-28
-1
54
51
7
-12
20
62
47
-20
-55
-13
35
29
-1
10
38
54
55
19
-1
4
-10
-29
-31
-12
-5
-11
1
34
28
-5
-13
23
48
2
-24
-12
-9
-23
-31
-24
-14
-1
3
17
20
-7
-20
-19
-18
-26
-36
-26
-12
-19
-4
22
13
-12
-12
-8
-16
-36
-51
-37
0
18
13
17
29
36
26
8
-4
-26
-43
-29
-16
-10
-1
23
38
36
27
16
35
25
-38
-53
-17
12
7
-4
6
36
54
26
-9
-38
-48
-54
-62
-42
-2
29
36
37
51
77
51
-2
-47
-71
-38
-19
-32
-29
25
60
30
11
38
49
-12
-40
-21
-19
-33
-32
-1
12
13
16
25
35
12
-33
-49
-13
12
-6
-29
-20
36
53
37
24
-30
-51
-18
-13
-63
-91
-46
30
52
16
12
30
31
11
-23
-35
-43
-46
-26
-19
-12
6
25
40
13
-11
7
6
-33
-50
-22
15
20
11
27
45
40
32
17
-8
-39
-53
-41
-30
-6
35
45
27
35
46
40
18
-15
-34
-45
-52
-41
-10
14
17
25
34
37
19
-17
-36
-43
-29
-6
6
14
24
44
58
42
27
3
-43
-65
-50
-19
-14
-14
-11
-3
36
77
64
-9
-32
13
17
-29
-50
-24
-2
22
55
50
6
-7
19
7
-31
-35
-11
-32
-47
5
31
28
34
25
-3
-11
-2
-29
-52
-40
-12
10
28
42
40
38
45
36
-6
-28
-19
-21
-31
-20
17
33
36
49
47
21
-3
-5
-23
-49
-55
-49
-24
7
22
10
21
60
37
-16
-39
-42
-48
-40
-22
-8
4
12
32
37
20
5
-5
-21
-36
-38
-29
-9
-8
-10
12
47
53
11
-16
-7
-4
-24
-48
-36
-6
16
30
29
23
29
31
1
-17
-16
-33
-38
-11
10
15
39
65
46
24
31
21
-5
-20
-31
-29
-8
3
9
18
30
55
47
15
2
-13
-26
-15
-18
-25
-4
31
39
32
32
27
12
-4
-3
-13
-54
-46
6
5
-10
2
22
32
36
11
-33
-44
-35
-35
-47
-22
4
-2
22
56
43
-10
-31
-30
-43
-50
-32
-10
-35
-38
31
58
25
-13
-10
4
4
-18
-50
-41
-7
10
8
17
25
-2
-7
17
5
-38
-42
-10
-5
-2
18
10
-13
-5
14
-3
-28
-28
-18
-37
-38
2
16
-17
-32
8
27
16
-10
-22
-14
-12
-9
-10
-1
-3
-9
5
23
24
-9
-22
-13
-10
-9
-13
-4
4
22
37
26
17
28
20
-6
0
4
-7
-5
5
18
19
5
7
15
5
-6
-9
-22
-20
-5
6
12
13
7
23
37
4
-28
-40
-16
6
-18
-24
4
31
28
13
9
20
21
-14
-28
-16
-11
-21
-25
-2
11
11
12
3
-14
-14
-10
-17
-14
-7
-18
-14
20
36
13
-19
-8
28
25
-7
-20
1
5
-4
7
16
9
-4
-4
9
11
0
-19
-14
-5
-8
-4
4
12
13
12
18
17
6
-7
-13
-14
-7
4
5
12
24
16
10
16
18
-1
-11
-2
2
-4
-3
9
14
3
7
21
24
4
-11
-2
-7
-4
-1
-13
5
19
20
10
-19
3
46
15
-41
-29
34
48
-14
-22
47
48
-9
-12
9
5
-4
-8
-11
-7
-2
12
10
-3
15
18
-15
-31
-7
22
-3
-21
14
36
8
-23
2
18
-17
-39
-11
10
-15
-17
9
13
-8
-2
14
-4
-16
-4
-1
-6
-7
-4
2
-4
-8
5
9
-3
-17
-16
-5
-2
-2
5
17
15
4
7
16
12
5
2
3
4
-4
-8
-3
-1
11
22
10
5
11
-2
-4
6
-1
-6
-4
-2
-7
1
21
22
-1
-10
13
8
-15
-13
-6
1
-2
-4
-1
1
1
3
12
1
-22
-28
-19
-7
-11
-8
12
16
11
12
-5
-20
-20
-21
-17
-24
-22
-3
-12
-21
4
11
-10
1
20
4
-18
-14
8
2
-19
-9
8
11
6
0
0
-1
-5
-7
-10
-8
-11
-9
2
-7
-17
3
15
4
2
9
9
2
-6
0
2
-6
6
12
2
6
7
-12
-26
-18
0
-11
-24
2
18
10
11
12
9
2
2
6
-11
-26
-10
-2
-18
-19
2
9
-1
-6
2
4
-5
-10
-9
-7
-12
-1
8
-5
-13
0
7
-13
-16
7
0
-21
-10
6
-5
-11
-2
2
8
7
1
-3
-2
9
9
-6
-4
7
7
0
-5
-10
-5
2
-6
-9
5
8
-7
-12
8
12
-8
-9
7
7
1
14
15
-10
-10
14
12
-7
-7
7
1
-3
8
-1
-14
-7
5
1
-3
14
16
-4
8
24
6
-7
2
8
-3
-7
13
14
-13
-6
21
18
-3
-3
7
2
4
6
13
6
-7
10
16
8
-3
-5
4
-6
-9
4
8
3
7
24
20
-3
5
18
4
-14
-1
15
7
4
18
14
5
8
13
8
-3
-9
-7
-7
-7
-6
-11
0
21
21
11
1
1
1
5
11
7
2
-1
-3
8
15
-7
-20
0
13
-1
-6
15
8
-20
