0
0
-1
0
0
0
0
-1
0
0
0
0
0
0
0
0
0
0
0
0
0
0
-1
0
0
0
0
0
0
0
0
0
1
0
-1
0
0
0
0
0
0
0
0
0
0
0
0
0
0
0
0
0
0
0
-1
0
0
0
0
0
0
0
0
0
0
0
0
0
1
0
0
0
0
0
0
0
1
0
0
0
1
1
0
0
0
-1
1
1
0
0
0
0
0
0
0
1
0
0
0
1
0
0
0
0
0
-1
0
0
0
0
0
0
0
0
0
0
-1
-1
-1
0
0
0
0
-1
0
0
0
0
0
0
0
0
0
1
0
1
0
0
0
0
0
0
1
-1
0
1
-1
0
0
0
0
0
0
0
-1
0
0
0
-1
0
-1
0
0
0
0
0
-1
0
0
0
0
0
0
-1
0
0
0
0
0
0
0
0
-1
-1
0
0
0
0
0
1
0
0
0
0
0
-1
0
0
0
0
0
0
0
0
0
1
0
1
0
0
1
-1
1
0
0
0
-1
-1
0
0
0
-1
0
-1
0
0
0
-1
0
0
0
0
1
0
0
0
0
0
0
1
0
1
0
0
0
0
0
0
1
0
0
0
1
1
0
0
0
0
0
0
0
0
-1
1
0
0
0
0
0
0
0
1
-1
-1
-2
-1
-1
-2
-3
-3
-3
-3
-3
-4
-4
-4
-5
-5
-5
-5
-6
-7
-7
-7
-7
-8
-7
-7
-7
-8
-8
-9
-9
-9
-10
-10
-11
-12
-11
-12
-12
-13
-14
-14
-15
-13
-15
-15
-15
-15
-15
-15
-16
-16
-16
-17
-16
-17
-18
-19
-20
-20
-20
-21
-21
-21
-22
-21
-22
-22
-22
-22
-22
-22
-22
-22
-24
-24
-24
-24
-25
-25
-24
-25
-25
-25
-25
-25
-25
-24
-23
-25
-25
-26
-28
-30
-30
-31
-32
-31
-30
-31
-30
-29
-30
-30
-29
-29
-29
-30
-31
-32
-34
-36
-36
-36
-36
-36
-35
-34
-33
-32
-32
-31
-30
-31
-29
-31
-32
-30
-35
-37
-38
-41
-42
-44
-44
-44
-44
-43
-42
-40
-38
-37
-36
-35
-35
-36
-37
-38
-41
-42
-44
-44
-46
-47
-47
-47
-44
-44
-41
-37
-33
-29
-28
-26
-26
-27
-31
-33
-37
-40
-44
-46
-49
-53
-54
-53
-53
-50
-47
-43
-40
-37
-37
-37
-37
-38
-38
-39
-39
-42
-43
-47
-52
-55
-58
-60
-59
-58
-56
-53
-49
-47
-43
-41
-39
-38
-38
-38
-41
-47
-52
-59
-65
-69
-71
-73
-70
-66
-63
-58
-52
-47
-41
-34
-29
-27
-26
-27
-31
-35
-42
-50
-55
-62
-67
-71
-73
-72
-70
-67
-61
-52
-46
-39
-34
-34
-33
-36
-37
-40
-44
-49
-55
-64
-68
-73
-74
-74
-63
-67
-41
-65
-80
-113
-246
-194
-616
-449
-1085
-1063
-1370
-2438
5139
9870
7262
7014
5951
5152
4701
3946
3620
3087
2759
2415
2113
1813
1522
1255
993
744
498
265
69
-133
-319
-501
-659
-810
-961
-1086
-1219
-1303
-1379
-1468
-1521
-1589
-1659
-1704
-1766
-1825
-1859
-1889
-1917
-1924
-1932
-1943
-1933
-1920
-1889
-1861
-1846
-1808
-1770
-1738
-1689
-1633
-1572
-1520
-1479
-1429
-1392
-1332
-1258
-1209
-1146
-1087
-1034
-958
-901
-853
-781
-692
-624
-581
-501
-395
-312
-259
-199
-127
-53
3
66
113
171
261
294
346
419
461
528
578
609
650
690
766
829
876
927
932
952
963
963
994
1009
1017
1031
1047
1073
1075
1096
1142
1132
1118
1135
1129
1115
1121
1130
1142
1140
1124
1095
1067
1059
1063
1046
1009
1010
995
955
933
896
851
828
789
775
788
759
731
688
685
681
611
561
536
506
505
510
452
418
439
422
393
364
305
267
239
199
183
196
175
128
116
116
92
54
32
19
-24
-61
-75
-100
-129
-159
-173
-181
-187
-208
-262
-273
-280
-302
-314
-303
-293
-317
-355
-379
-330
-329
-378
-364
-388
-400
-384
-408
-401
-391
-407
-410
-446
-453
-427
-453
-435
-436
-446
-418
-433
-429
-430
-451
-426
-401
-400
-398
-422
-422
-413
-422
-411
-417
-432
-425
-394
-374
-352
-326
-368
-381
-331
-319
-314
-327
-331
-299
-294
-311
-294
-266
-247
-220
-197
-167
-187
-198
-159
-179
-196
-159
-168
-180
-143
-103
-88
-78
-35
-37
-57
-54
-63
-43
-98
-123
-53
-88
-102
-40
-39
-80
-36
11
-14
-4
20
4
-24
-2
14
-13
-31
0
12
19
28
-10
3
16
10
8
-7
-19
-36
-17
4
0
16
18
38
75
47
35
50
44
52
26
-5
-41
-94
-41
-47
-95
-61
-83
-35
-8
-40
-31
-71
-73
-102
-160
-92
9
14
-8
-28
-93
-64
-14
-97
-82
-38
-61
3
-7
-28
-11
-39
-32
-48
-70
-33
5
-42
-28
57
54
30
-18
-51
-32
-16
-19
-10
10
16
-6
-29
-22
10
39
26
-9
-62
-115
-189
-216
-212
-310
-385
-370
-311
-309
-349
-318
-296
-191
-60
-56
-97
-214
-301
-198
-89
-80
-73
-129
-96
8
24
-36
-192
-264
-313
-329
-435
-626
-554
-495
-468
-376
-229
-57
-70
-60
15
9
-103
-153
-92
-137
-75
79
140
97
69
149
147
208
172
-4
-33
-26
58
75
112
224
104
64
195
156
88
28
49
38
-110
-1
124
149
89
-77
-75
-112
-104
20
-28
-98
-115
-128
-157
-182
-129
-85
-99
-202
-353
-258
-218
-237
-50
-161
-215
-123
-196
-185
-189
-117
-89
-133
-115
-130
-103
-1
57
-42
1
36
-17
37
-50
-27
4
-81
80
106
-49
-54
20
-57
-199
-33
220
321
280
210
226
352
311
253
472
461
501
464
255
368
359
259
341
316
336
405
377
491
481
349
230
110
144
159
111
121
207
175
81
136
171
37
-54
11
5
-55
-69
-140
-175
-153
-186
-212
-267
-302
-191
-101
-58
6
69
23
-13
-41
-273
-282
-214
-295
-435
-542
-560
-662
-462
-293
-450
-492
-527
-593
-687
-624
-376
-123
87
-70
-254
-167
-134
-178
-172
-119
-100
-85
-20
-5
-84
-43
-154
-263
-53
-83
-199
-96
-72
-60
-4
-210
-443
-398
-306
-357
-423
-385
-314
-235
-271
-294
-301
-206
119
187
26
-39
-80
-131
-113
-2
117
78
25
92
179
255
166
150
300
386
500
577
556
533
489
358
361
353
178
160
5
-183
-61
25
121
286
345
322
248
178
198
195
144
143
155
102
-77
-226
-223
-181
-207
-131
-52
-132
-164
-198
-293
-248
-155
-151
-67
-39
-6
84
-42
-93
34
133
154
185
215
139
142
183
196
242
150
75
207
305
310
247
128
84
138
186
231
250
154
138
129
-1
-72
-166
-264
-263
-251
-70
97
92
210
163
-2
63
24
-114
-149
-135
-113
-108
4
66
-52
-123
-140
-97
-115
-137
-64
-48
20
100
41
-180
-217
-232
-298
-209
-350
-442
-319
-318
-418
-442
-288
-192
-243
-271
-351
-284
-111
-161
-205
-156
-146
-131
-80
36
151
170
73
4
17
-55
-91
-56
-115
-242
-269
-159
-110
-180
-151
-20
-83
-163
-185
-267
-218
-151
-114
-36
-29
50
206
249
194
125
186
277
268
236
224
187
158
188
143
155
252
292
303
340
444
419
335
347
302
262
238
267
297
257
303
296
223
187
197
192
134
136
45
-50
-126
-176
-135
-188
-168
-170
-200
-113
-102
-163
-249
-256
-203
-155
-110
-155
-129
-49
-19
-37
-98
-100
-10
49
-32
-117
-119
-147
-218
-57
126
71
-2
-60
-3
-9
-47
24
-6
-78
-94
-57
-110
-195
-196
-213
-249
-202
-134
-72
70
78
18
38
26
7
-5
-33
-38
-20
-30
-37
-82
-78
-39
-83
-120
-146
-160
-208
-219
-112
-69
-35
29
13
89
63
-77
-84
-57
-31
-110
-142
-73
-19
44
40
-33
-153
-246
-249
-193
-180
-164
-165
-150
-38
-1
34
109
117
123
170
164
86
102
94
51
193
217
55
-45
-93
-15
-9
-77
0
-57
-154
-159
-181
-23
75
-27
38
76
42
82
46
33
-1
-26
44
84
2
-74
54
173
197
260
222
202
224
160
118
104
158
109
24
23
-22
43
130
177
177
177
238
162
118
149
123
85
-3
21
76
18
27
70
123
163
128
87
111
135
103
79
26
3
1
-41
-10
-89
-176
-174
-222
-207
-209
-114
-56
-122
-74
-107
-179
-160
-137
-123
-113
-84
11
26
-42
-39
-97
-137
-106
-121
-163
-151
-94
-142
-154
-123
-73
31
-7
-31
27
8
-32
-15
-40
-83
-72
-85
-78
-81
-94
-87
-63
-65
-105
-48
0
30
74
32
-1
60
107
37
-21
-30
-53
-20
6
4
-31
-32
-3
3
49
-4
-53
19
53
80
49
-45
-91
-126
-113
-67
-63
-33
-64
-122
-142
-234
-202
-61
-50
-66
-43
-54
-90
-170
-181
-111
-144
-189
-150
-134
-122
-96
-176
-193
-194
-185
-42
-41
-98
-72
-65
-81
-39
50
89
105
150
182
183
236
303
266
223
241
234
211
223
271
263
203
180
173
196
188
160
185
205
210
240
280
296
284
203
107
52
-4
-8
4
7
82
108
22
-61
-71
-95
-112
-111
-171
-109
-5
-29
-34
-5
-67
-83
-18
-33
-20
18
-3
-51
-44
-54
-121
-102
-24
72
101
27
-35
-40
-40
-66
-105
-129
-110
-134
-170
-149
-155
-129
-89
-151
-124
-44
-69
-70
-37
-26
-67
-81
-36
-21
3
-28
-72
-101
-108
-86
-107
-124
-167
-129
-66
-41
15
24
13
12
-9
-54
-63
9
28
-36
-37
-37
-34
-19
-46
-89
-105
-86
-110
-103
-64
-40
33
74
96
65
10
27
16
39
97
77
47
32
28
18
-1
-12
-16
5
18
21
64
55
15
34
44
56
5
-55
-13
31
85
139
165
103
26
43
-5
-45
-54
-108
-86
-83
-83
-53
-40
40
75
18
8
21
78
46
-93
-58
-25
-53
-12
12
29
49
73
82
76
51
13
8
33
19
-14
28
49
34
-10
13
100
65
78
140
136
116
122
164
160
171
192
158
106
55
30
17
45
61
13
3
9
-33
-64
-65
-108
-119
-74
-66
-21
10
-43
-67
-83
-66
-43
-88
-80
-32
-17
-2
-15
-16
32
29
58
76
7
-9
0
16
48
42
-2
-50
-99
-131
-140
-165
-170
-169
-185
-189
-180
-158
-145
-132
-89
-58
-58
-46
-45
-67
-72
-90
-118
-106
-80
-70
-75
-67
-47
-39
-51
-59
-24
-10
2
21
-9
-7
9
-4
-27
-25
-5
-21
-34
-30
-9
29
76
80
20
34
72
57
38
37
56
27
19
36
12
20
79
141
144
135
117
93
99
92
87
78
87
81
25
24
29
11
37
25
24
57
8
-41
-26
21
15
-15
-17
2
49
37
19
6
-16
-24
-75
-74
-45
-39
-57
-67
-26
-28
-22
-4
-13
4
7
-14
8
65
79
103
143
118
105
89
72
83
83
106
108
60
65
121
106
73
78
54
8
-38
-37
-34
-23
-13
-44
-63
-92
-84
-66
-61
-38
-30
-23
-37
-67
-64
-68
-75
-71
-97
-110
-83
-56
-49
-65
-63
-62
-60
-52
-52
-49
-100
-135
-134
-126
-122
-145
-174
-179
-165
-126
-67
-52
-75
-83
-72
-83
-79
-59
-43
-34
-58
-63
-76
-23
21
-26
-6
-3
-12
43
19
-17
-4
-22
-5
-17
-29
26
40
77
136
134
140
130
94
61
19
30
57
46
17
36
71
17
1
49
8
-20
27
25
20
39
67
100
100
83
57
68
74
20
6
22
16
34
44
15
-15
-15
-9
-1
8
-9
13
69
72
56
27
-6
-7
14
18
23
10
-25
-9
6
-24
-38
-16
-4
5
24
-1
-50
-111
-127
-97
-94
-48
-8
-46
-79
-92
-93
-87
-99
-97
-57
-43
-26
-28
-29
25
70
97
119
136
122
102
90
52
40
35
22
20
39
51
46
62
42
37
78
68
57
53
49
82
86
59
41
15
-10
-6
-9
-21
-5
-14
-14
3
-19
-43
-53
-46
-54
-64
-61
-85
-75
-54
-73
-49
-32
-57
-52
-43
-68
-114
-108
-93
-100
-72
-70
-61
-20
-25
-7
5
-37
-63
-43
-3
-13
-21
26
62
35
-10
7
32
20
18
-3
-11
20
31
12
4
-5
-24
-22
-30
-34
-21
-17
-4
-6
0
-2
9
33
29
35
21
27
29
10
40
36
18
-2
-35
-16
12
22
6
-8
-16
-34
-23
3
29
29
1
-10
-7
-13
-2
26
42
43
31
20
21
17
7
-8
-21
-5
25
24
17
8
-2
-1
-13
-41
-38
-24
-38
-18
3
8
14
11
4
-3
15
-6
0
30
16
23
22
4
16
40
39
13
14
47
42
9
4
6
-7
-4
6
-7
-7
-5
7
26
19
33
16
-32
-5
-16
-50
-36
-34
-29
-38
-46
-27
-42
-43
-9
-15
-9
-1
-11
-2
-6
-12
1
19
23
17
18
22
18
1
1
-1
-3
8
20
18
13
18
23
26
15
-1
-11
-28
-19
5
-6
-7
10
-5
4
13
4
5
-13
-10
10
19
23
23
36
25
2
-5
-6
14
30
16
4
-2
-4
2
-2
-13
-11
-11
-15
-24
-43
-31
-25
-36
-10
-6
-28
-31
-27
-7
-3
-18
-8
-20
-49
-53
-35
-27
-39
-39
-61
-82
-66
-58
-63
-52
-41
-57
-71
-71
-52
-36
-35
-25
-29
-42
-54
-59
-58
-69
-56
-35
-23
-4
0
-13
-24
-32
-15
7
0
-8
-5
-4
0
18
33
39
43
38
30
19
11
22
17
7
15
18
15
30
51
52
63
62
41
49
76
79
58
58
66
58
50
45
32
36
50
47
45
32
32
59
55
43
42
18
14
13
-13
-13
-7
-3
3
4
1
-4
-6
-10
-30
-44
-28
-14
-15
-32
-27
-9
-11
5
31
17
3
11
5
-1
-15
-30
-24
-14
-9
-10
-2
-9
-10
3
14
17
6
16
-1
-24
-2
3
-7
13
19
13
12
1
1
1
13
20
7
11
-9
-16
-9
-26
-26
-23
-23
-27
-42
-53
-63
-59
-48
-44
-45
-49
-41
-33
-40
-44
-40
-39
-38
-35
-22
-6
-23
-26
-6
8
12
1
2
16
2
-24
-12
5
5
12
11
13
21
18
11
-1
-4
3
11
21
37
39
24
36
37
19
14
11
11
27
33
11
-2
-2
-5
3
10
8
20
15
-7
-13
-4
7
-4
-7
1
9
17
20
21
8
-8
-18
-16
-10
-7
10
9
-8
-2
-13
-12
-19
-35
-11
-2
-16
-9
-12
-15
-21
-29
-21
-24
-21
-18
-25
-9
-10
-30
-30
-6
0
-28
-20
-5
-6
14
5
-18
-17
-18
-6
-3
2
8
1
0
-1
7
10
14
21
23
20
11
23
20
6
13
13
10
7
17
19
11
19
17
14
27
46
48
36
28
17
13
9
17
20
10
21
26
17
23
18
15
25
24
26
19
10
14
-1
1
14
8
3
-10
-15
-10
-10
-14
-14
-7
-6
-19
-26
-17
-7
-14
-26
-35
-41
-42
-44
-35
-26
-20
-13
-28
-29
-25
-33
-27
-15
-22
-27
-22
-9
-3
-3
-6
-7
-1
1
2
0
-10
-3
1
0
4
6
13
10
1
5
6
4
8
6
0
-12
-17
-16
-9
-3
-6
-6
-1
-6
-10
-3
-15
-15
-5
-11
-15
-17
-12
-14
-15
-15
-24
-18
-21
-26
-11
-14
-21
-15
-20
-21
-19
-22
-17
-9
-15
-18
-14
-14
-17
-5
7
2
0
5
2
-1
3
4
1
-2
11
17
3
12
24
24
22
12
4
3
3
2
13
20
17
20
21
29
28
23
24
20
20
25
32
29
21
21
23
24
25
30
33
28
23
18
17
24
23
21
21
19
22
11
4
6
2
5
9
6
0
4
4
-2
-1
-8
-2
1
-14
-12
-11
-17
-8
-8
-14
-13
-12
-18
-27
-28
-21
-23
-26
-23
-24
-22
-18
-23
-26
-18
-22
-28
-28
-32
-28
-22
-27
-29
-24
-29
-31
-24
-21
-16
-13
-17
-9
-2
-16
-16
-3
-10
-11
-8
-11
-3
-9
-14
-1
-3
-1
6
6
4
0
1
6
6
9
6
6
9
6
4
9
6
8
15
12
8
11
12
13
9
8
13
11
8
8
9
2
6
6
1
3
3
9
3
-1
0
1
3
7
2
-2
3
1
-3
1
-2
-9
-8
-3
-2
-1
1
-6
-5
-4
-10
-11
-8
-5
-4
-7
-7
-7
-7
-11
-9
-4
-7
-5
-7
-7
-6
-4
1
-2
0
4
-1
-3
0
1
0
5
13
11
7
8
10
10
9
7
9
14
12
14
20
13
13
20
15
13
16
14
12
9
7
8
15
16
10
8
11
9
6
2
4
3
-2
-4
0
-1
-5
0
0
-8
-8
-13
-16
-12
-7
-8
-14
-17
-13
-12
-18
-18
-14
-14
-16
-15
-18
-17
-16
-13
-15
-17
-8
-12
-17
-13
-15
-11
-8
-8
-5
-10
-9
-7
-7
-2
-3
-2
-1
-6
-6
-7
-2
0
-2
5
1
-2
4
3
-1
1
2
1
0
2
3
1
2
0
-3
4
9
3
-2
0
1
-2
0
1
0
1
-1
1
5
-1
-3
-3
-2
-2
-4
0
-2
-1
1
-2
-1
0
0
-1
-4
-3
-2
-5
0
1
-2
3
2
0
0
-2
1
1
-1
-2
6
4
4
8
1
0
5
5
4
4
6
5
7
7
8
9
12
10
8
8
9
9
6
10
10
8
12
12
11
10
10
10
10
8
8
15
10
6
11
5
6
8
7
9
4
2
4
4
5
2
1
4
2
1
2
-1
-1
-3
-5
-1
-2
-2
-3
-6
-5
-6
-6
-7
-7
-6
-6
-9
-7
-8
-11
-8
-7
-10
-8
-7
-10
-9
-6
-11
-12
-8
-8
-8
-8
-9
-7
-8
-9
-6
-6
-6
-8
-6
-4
-7
-7
-4
-5
-6
-4
-2
-2
-3
-5
-1
-3
-3
0
0
1
0
-1
0
0
0
2
2
3
1
2
1
0
4
3
2
4
2
3
2
2
1
3
3
2
4
4
3
0
1
2
2
3
2
2
2
0
1
3
-1
1
3
0
-1
3
1
-1
1
1
1
0
2
3
-2
1
2
-1
0
3
3
1
2
2
2
4
1
3
5
2
4
5
5
6
2
6
5
5
6
7
5
7
5
4
8
7
6
6
7
8
6
5
6
7
6
7
8
5
6
6
4
4
5
6
4
4
3
4
3
1
2
3
1
1
1
-1
-2
-1
-2
-3
-2
-2
-4
-5
-3
-5
-5
-4
-5
-6
-5
-5
-7
-10
-6
-8
-9
-7
-8
-7
-8
-9
-8
-8
-7
-9
-7
-6
-7
-8
-8
-6
-6
-8
-5
-6
-6
-5
-6
-4
-4
-5
-4
-3
-4
-2
-3
-2
-2
-1
-1
-2
0
0
0
1
1
0
1
1
0
3
3
1
2
3
1
2
3
3
3
3
3
3
2
2
2
3
3
3
3
3
2
2
2
1
3
1
2
3
2
2
1
1
2
1
2
1
2
1
0
2
1
2
1
1
1
1
1
1
2
2
1
3
2
2
2
2
2
3
3
4
2
2
3
3
3
2
2
4
4
4
3
4
3
2
4
4
3
3
3
3
2
3
2
3
3
2
3
4
2
2
2
2
2
2
2
1
1
1
1
0
0
0
0
0
0
0
-1
-2
-2
-2
-2
-2
-4
-3
-4
-3
-3
-6
-4
-4
-5
-4
-4
-5
-6
-5
-5
-6
-5
-6
-5
-7
-6
-5
-5
-6
-5
-6
-5
-5
-5
-4
-5
-5
-5
-4
-3
-5
-3
-3
-3
-2
-3
-2
-3
-2
-2
-2
0
-1
-1
-1
-1
0
0
0
1
0
-1
1
2
0
0
1
2
1
1
2
1
1
2
2
1
2
3
2
2
2
2
2
2
1
1
2
2
2
2
1
2
0
1
2
1
1
1
1
1
1
1
1
1
1
1
1
1
2
1
1
1
2
1
1
1
1
2
2
2
2
1
1
2
2
2
2
2
3
1
3
2
2
3
2
2
3
2
3
2
3
2
2
3
2
2
2
2
2
2
2
1
1
2
1
1
1
0
1
1
1
-1
0
-1
0
0
-1
-1
-1
0
-2
-1
-2
-2
-2
-3
-2
-2
-3
-3
-3
-3
-3
-3
-3
-3
-4
-4
-4
-4
-4
-4
-4
-3
-3
-4
-3
-3
-4
-4
-3
-4
-3
-3
-2
-4
-3
-2
-2
-3
-2
-2
-2
-1
-2
-2
-2
-1
-1
-1
-1
-1
-1
-1
0
0
0
0
0
0
0
0
1
0
0
1
1
2
1
1
1
1
1
2
2
1
1
1
1
2
0
2
2
1
2
1
2
2
2
1
2
1
2
2
2
2
2
2
2
2
2
1
1
1
1
2
1
1
1
2
2
2
2
2
2
1
2
2
2
2
2
2
2
2
1
1
2
2
1
2
2
2
1
1
2
2
2
1
1
1
2
2
1
1
1
1
1
1
0
1
1
1
1
0
0
0
1
0
0
0
-1
0
0
0
-1
-2
-1
-1
-2
-1
-1
-2
-2
-2
-1
-3
-2
-1
-2
-3
-2
-3
-3
-2
-3
-3
-2
-3
-3
-3
-2
-3
-3
-3
-3
-3
-2
-2
-2
-2
-2
-3
-2
-3
-3
-2
-3
-2
-3
-2
-2
-2
-2
-2
-2
-1
-1
-1
-1
-1
-1
-1
-1
-1
-1
-1
0
-1
0
0
0
0
-1
0
0
1
0
0
1
1
1
1
0
1
1
0
1
1
0
1
1
2
1
1
0
1
1
1
0
2
1
1
2
0
0
1
1
1
1
1
1
1
1
1
1
1
1
1
1
1
2
1
1
1
1
2
1
0
1
1
1
1
0
1
1
1
1
1
0
1
1
1
1
0
1
0
1
0
0
0
0
0
0
0
0
-1
-1
-1
-2
-1
-1
-2
-2
-3
-3
-3
-3
-3
-3
-3
-4
-4
-4
-4
-5
-4
-5
-4
-5
-4
-4
-4
-4
-3
-3
-3
-2
-2
-2
-1
-1
0
0
0
1
2
2
3
3
4
4
5
6
6
7
6
7
8
8
8
9
8
9
9
9
9
9
9
8
8
8
7
8
8
6
6
5
5
4
3
2
2
0
0
-1
-2
-3
-5
-5
-7
-7
-9
-9
-11
-11
-13
-13
-14
-15
-16
-16
-18
-19
-20
-20
-20
-21
-21
-21
-21
-21
-21
-20
-21
-20
-20
-19
-19
-18
-16
-16
-14
-14
-12
-11
-10
-8
-7
-5
-4
-2
1
1
4
6
8
9
11
14
16
17
19
21
23
24
26
27
30
31
33
33
35
35
37
38
39
39
40
40
39
40
39
39
39
38
37
36
35
33
32
31
29
27
25
23
22
19
16
14
11
8
5
2
0
-4
-6
-10
-12
-16
-18
-21
-24
-27
-29
-32
-36
-37
-41
-42
-45
-47
-49
-51
-53
-54
-55
-56
-59
-58
-59
-59
-59
-59
-59
-59
-57
-57
-56
-54
-53
-51
-50
-48
-45
-42
-39
-37
-33
-31
-28
-24
-21
-17
-14
-9
-6
-2
1
6
10
13
17
21
24
28
31
35
39
41
46
48
51
54
56
59
61
63
65
66
68
68
70
71
71
70
70
69
70
69
67
65
63
61
60
57
55
51
47
44
42
39
35
32
27
24
20
16
12
7
2
-2
-6
-11
-15
-20
-26
-30
-35
-39
-43
-49
-53
-60
-64
-67
-70
-75
-80
-85
-88
-90
-93
-95
-99
-102
-104
-105
-105
-105
-106
-106
-106
-104
-100
-97
-95
-92
-89
-85
-78
-71
-65
-61
-55
-48
-40
-31
-24
-16
-10
-4
4
14
24
30
36
41
47
56
64
69
72
75
78
84
90
93
92
90
90
92
96
97
94
89
85
85
87
87
82
76
70
69
71
72
69
63
56
54
58
63
61
57
50
49
57
62
65
61
56
55
61
70
74
71
64
62
67
75
79
75
65
58
59
64
67
59
45
31
27
28
27
17
-2
-20
-33
-35
-37
-49
-69
-93
-108
-112
-113
-124
-143
-167
-181
-184
-181
-185
-199
-218
-230
-228
-217
-213
-217
-229
-234
-227
-207
-192
-187
-190
-190
-176
-151
-126
-113
-110
-106
-90
-62
-32
-15
-11
-9
7
32
62
79
81
78
86
107
130
143
141
130
128
139
157
163
155
138
126
129
140
143
131
109
92
89
97
100
89
66
47
42
52
58
52
32
16
14
27
40
40
28
15
16
33
53
61
54
44
47
66
90
102
98
89
89
106
129
142
136
121
116
126
143
151
140
119
102
102
110
112
96
65
39
28
29
27
5
-30
-65
-83
-85
-90
-111
-148
-184
-203
-205
-204
-220
-253
-284
-300
-295
-285
-289
-310
-335
-343
-329
-306
-296
-304
-319
-318
-294
-260
-236
-232
-239
-233
-202
-159
-125
-114
-116
-107
-76
-31
8
21
18
22
47
89
127
139
130
124
139
175
207
215
199
181
184
210
237
242
219
191
184
200
224
226
201
167
151
164
185
191
167
132
114
123
148
159
141
109
88
98
127
146
137
108
88
97
128
154
153
129
106
114
144
173
177
154
129
127
153
183
187
163
131
119
136
160
164
136
96
73
77
93
95
65
17
-18
-25
-15
-15
-45
-95
-139
-153
-148
-147
-172
-219
-264
-283
-278
-270
-285
-325
-365
-382
-372
-355
-357
-382
-414
-426
-409
-381
-366
-377
-397
-402
-379
-340
-310
-306
-315
-315
-286
-241
-202
-186
-188
-185
-158
-111
-67
-44
-42
-41
-19
23
66
88
90
86
99
132
169
189
187
176
179
202
230
245
238
220
213
227
248
257
247
225
211
217
233
241
229
206
190
192
205
213
202
181
166
167
181
190
184
167
152
155
170
181
178
163
152
156
170
181
179
165
153
156
169
179
173
156
142
142
150
154
144
123
103
97
99
98
80
50
25
12
9
0
-24
-60
-92
-110
-116
-126
-153
-193
-228
-245
-249
-257
-282
-320
-352
-364
-363
-363
-379
-410
-436
-441
-427
-416
-422
-442
-458
-453
-428
-403
-395
-405
-412
-397
-361
-325
-306
-306
-305
-284
-242
-196
-169
-164
-161
-138
-93
-45
-14
-8
-6
15
58
105
133
139
136
149
186
228
252
253
244
249
278
313
332
326
311
308
328
357
371
360
339
330
343
366
375
360
335
322
331
350
355
339
310
295
300
317
322
303
274
257
261
276
280
261
230
211
214
229
232
210
178
157
160
173
175
152
116
92
93
105
105
79
40
13
10
22
19
-11
-53
-83
-89
-80
-83
-114
-160
-195
-202
-193
-197
-228
-275
-312
-319
-308
-308
-336
-383
-417
-423
-409
-402
-423
-465
-496
-497
-474
-458
-470
-503
-527
-519
-487
-459
-459
-480
-495
-479
-436
-397
-383
-393
-398
-374
-324
-273
-248
-247
-245
-216
-160
-104
-72
-65
-58
-29
25
83
117
125
130
154
202
255
285
290
287
303
341
383
406
402
391
394
418
448
461
449
428
419
430
449
453
434
405
387
387
397
395
372
340
316
312
316
312
291
258
234
226
229
227
209
181
159
151
155
156
143
120
99
93
97
101
92
72
53
46
50
53
45
27
7
-4
-5
-3
-10
-30
-54
-72
-79
-81
-91
-114
-142
-167
-180
-186
-198
-220
-252
-280
-298
-306
-315
-335
-366
-396
-414
-420
-423
-436
-460
-485
-499
-498
-491
-492
-506
-523
-528
-517
-496
-483
-481
-487
-484
-462
-427
-398
-384
-378
-365
-334
-289
-247
-221
-208
-190
-154
-102
-54
-22
-5
14
48
99
148
181
195
209
237
280
325
353
361
365
381
414
449
469
469
463
466
487
510
521
513
496
490
496
510
513
499
477
460
458
463
460
444
419
398
391
389
384
368
344
322
311
306
300
286
264
243
230
222
215
203
184
166
151
141
131
119
103
85
69
54
40
27
13
-5
-24
-44
-62
-78
-94
-110
-130
-155
-178
-197
-213
-228
-249
-275
-302
-323
-337
-350
-366
-392
-419
-439
-449
-455
-466
-486
-510
-527
-529
-527
-527
-540
-557
-566
-562
-549
-537
-537
-545
-547
-533
-509
-485
-473
-471
-465
-445
-410
-375
-353
-342
-329
-303
-264
-220
-190
-173
-158
-130
-88
-42
-7
13
27
53
92
138
173
192
204
223
258
298
330
343
350
362
387
419
445
454
453
453
469
494
510
513
504
496
500
514
525
520
503
487
482
487
491
482
457
435
423
422
420
404
378
351
334
327
322
305
276
246
225
217
209
192
162
131
110
102
94
76
49
19
-1
-8
-15
-31
-59
-87
-106
-113
-118
-136
-162
-188
-205
-210
-214
-230
-253
-279
-293
-296
-299
-312
-335
-356
-368
-369
-368
-379
-399
-417
-425
-422
-419
-426
-443
-458
-462
-454
-445
-448
-460
-471
-470
-455
-441
-437
-445
-450
-442
-421
-400
-389
-390
-387
-373
-344
-314
-295
-288
-279
-257
-220
-182
-156
-140
-125
-97
-55
-10
23
43
64
96
142
188
224
246
267
299
342
386
418
438
454
478
513
549
573
584
588
600
622
645
655
653
644
641
646
653
649
632
609
591
582
575
557
527
494
466
446
428
402
367
327
294
270
248
222
184
146
114
91
73
48
16
-17
-43
-60
-73
-92
-117
-144
-163
-172
-177
-189
-209
-229
-242
-245
-246
-252
-268
-283
-292
-291
-288
-292
-304
-319
-327
-325
-320
-322
-335
-351
-358
-357
-351
-354
-367
-383
-393
-391
-384
-386
-397
-414
-424
-421
-414
-411
-421
-435
-443
-437
-424
-416
-419
-427
-430
-419
-398
-380
-374
-373
-367
-347
-315
-286
-268
-257
-241
-212
-171
-130
-100
-78
-54
-18
30
78
116
142
168
206
255
303
341
365
388
420
460
500
528
544
554
571
596
620
635
634
628
626
632
639
636
619
595
576
564
554
536
507
472
439
415
395
367
333
293
257
228
203
177
144
107
74
48
29
7
-18
-47
-72
-89
-102
-114
-130
-147
-163
-174
-180
-186
-193
-202
-211
-216
-216
-216
-216
-219
-223
-223
-221
-218
-214
-213
-214
-213
-213
-208
-204
-202
-203
-206
-207
-206
-205
-205
-209
-215
-221
-224
-225
-228
-235
-245
-254
-261
-265
-269
-277
-289
-301
-308
-311
-313
-319
-329
-338
-342
-341
-337
-338
-340
-343
-338
-328
-314
-303
-295
-285
-270
-246
-220
-193
-172
-152
-123
-86
-45
-8
24
55
91
136
184
226
260
292
328
370
412
450
477
498
522
551
581
602
613
617
621
630
640
643
634
619
602
592
584
569
545
513
482
456
435
411
377
337
297
265
238
210
175
135
94
62
38
14
-17
-51
-85
-112
-130
-146
-164
-188
-211
-227
-236
-240
-246
-258
-268
-274
-272
-267
-262
-260
-263
-261
-253
-239
-228
-222
-218
-214
-204
-190
-178
-170
-167
-165
-158
-148
-138
-133
-134
-136
-136
-131
-126
-126
-131
-139
-144
-147
-147
-150
-159
-172
-183
-191
-196
-203
-213
-229
-243
-253
-257
-263
-273
-285
-296
-301
-300
-298
-298
-301
-302
-295
-282
-267
-252
-239
-226
-205
-177
-145
-116
-90
-61
-30
8
49
87
120
151
185
223
263
298
325
349
374
402
428
450
464
473
481
493
503
507
504
496
488
481
475
465
447
425
401
383
365
345
318
286
255
228
204
180
150
116
82
54
30
7
-19
-48
-78
-102
-119
-132
-149
-168
-190
-205
-214
-219
-225
-233
-242
-244
-238
-226
-215
-208
-205
-198
-185
-168
-152
-140
-130
-116
-97
-72
-49
-34
-24
-18
-10
0
8
10
8
4
4
10
23
29
27
22
18
19
19
11
-7
-29
-47
-59
-63
-68
-79
-96
-109
-117
-126
-146
-182
-227
-269
-304
-331
-349
-365
-379
-382
-372
-352
-337
-337
-345
-349
-346
-336
-321
-300
-270
-231
-182
-123
-63
-16
18
47
81
118
151
181
215
258
304
348
387
420
440
447
449
447
446
438
427
420
419
421
421
421
422
419
409
394
379
366
345
311
274
251
236
218
192
165
147
134
114
78
28
-32
-88
-137
-182
-227
-273
-298
-293
-271
-256
-258
-265
-261
-253
-254
-266
-282
-282
-257
-205
-145
-92
-45
6
63
104
115
104
92
80
67
59
66
84
98
108
120
134
134
109
65
17
-24
-57
-74
-71
-55
-31
9
60
106
123
108
76
35
-13
-62
-101
-124
-134
-133
-121
-107
-116
-157
-228
-322
-433
-541
-624
-671
-698
-703
-660
-557
-439
-361
-326
-297
-254
-226
-228
-237
-217
-164
-89
7
115
208
264
297
328
344
319
257
205
189
194
191
189
210
246
276
287
293
300
297
283
265
257
259
265
280
302
332
365
399
424
434
424
395
343
272
192
118
55
-2
-49
-72
-66
-54
-61
-93
-137
-188
-249
-319
-387
-431
-441
-407
-328
-227
-130
-55
6
54
75
48
-17
-77
-99
-86
-53
-7
59
145
229
282
287
252
191
120
42
-28
-72
-75
-38
21
89
156
212
241
230
182
117
48
-13
-55
-64
-34
23
92
162
224
258
249
196
116
28
-60
-140
-196
-214
-208
-200
-198
-197
-214
-281
-405
-545
-649
-718
-777
-820
-797
-682
-518
-369
-254
-152
-58
5
18
-3
-32
-51
-54
-24
31
90
136
181
231
267
251
189
120
69
26
-27
-76
-89
-49
22
96
165
241
327
403
446
445
422
402
385
356
330
329
360
400
424
437
440
410
324
193
56
-67
-183
-288
-348
-352
-314
-268
-224
-189
-185
-224
-290
-350
-399
-442
-455
-400
-268
-106
39
156
256
324
327
254
128
-3
-106
-166
-189
-178
-123
-20
109
217
266
264
238
191
113
17
-54
-71
-39
26
120
241
360
444
481
476
433
344
228
122
48
5
-8
18
85
163
221
246
248
224
160
64
-37
-109
-156
-198
-238
-261
-265
-278
-343
-459
-585
-680
-748
-815
-873
-868
-764
-591
-418
-274
-142
-5
111
170
162
113
53
5
-20
-25
-26
-30
-12
53
136
173
142
89
60
42
-16
-121
-207
-217
-165
-96
-26
75
219
370
487
556
581
571
521
454
389
328
268
223
216
243
262
235
171
101
30
-61
-184
-306
-385
-405
-387
-357
-323
-286
-250
-227
-228
-256
-300
-331
-321
-260
-165
-57
55
170
278
347
344
266
142
17
-86
-172
-241
-268
-221
-102
36
146
221
281
317
308
248
172
119
98
101
137
216
326
428
499
534
539
503
418
293
161
53
-19
-56
-63
-41
11
84
157
206
224
219
200
180
154
115
53
-22
-85
-137
-230
-403
-614
-771
-850
-927
-1051
-1136
-1066
-854
-632
-481
-349
-156
69
227
267
223
155
102
73
50
-10
-104
-153
-88
38
100
49
-21
-12
32
-9
-172
-350
-426
-393
-329
-281
-209
-42
224
504
704
796
830
845
825
727
550
357
219
160
155
154
131
103
103
122
103
-2
-162
-284
-321
-314
-329
-371
-382
-336
-275
-261
-309
-380
-421
-412
-360
-276
-166
-25
147
335
496
576
556
457
320
162
-17
-202
-356
-441
-432
-344
-212
-69
74
214
342
426
445
410
355
307
269
243
236
252
285
325
371
403
394
333
243
155
75
-13
-103
-165
-177
-141
-79
-9
66
144
221
301
380
444
472
451
397
338
254
84
-202
-543
-833
-1040
-1237
-1466
-1635
-1606
-1373
-1065
-793
-534
-211
163
482
651
656
565
456
362
245
45
-205
-377
-363
-228
-128
-121
-100
36
228
299
176
-37
-193
-260
-321
-428
-521
-488
-278
40
351
592
778
952
1102
1156
1057
823
553
340
195
65
-91
-231
-277
-209
-104
-55
-74
-93
-53
19
40
-34
-162
-267
-322
-376
-483
-626
-721
-698
-563
-382
-206
-25
200
464
691
786
730
591
439
284
79
-171
-393
-503
-491
-410
-320
-222
-91
73
230
326
347
327
315
321
318
293
270
285
337
391
413
396
354
304
243
152
28
-93
-156
-154
-131
-120
-93
-6
118
202
212
200
227
291
344
345
313
295
307
299
168
-133
-519
-855
-1121
-1425
-1815
-2136
-2172
-1906
-1533
-1199
-837
-311
345
921
1234
1292
1234
1157
1030
742
269
-243
-572
-644
-607
-632
-674
-545
-189
189
356
298
197
169
137
-17
-282
-510
-558
-407
-145
123
372
654
997
1327
1499
1448
1243
997
746
451
97
-264
-549
-701
-716
-634
-515
-390
-237
-19
219
367
359
233
76
-86
-289
-553
-825
-1012
-1042
-909
-666
-372
-52
314
711
1051
1220
1183
1013
788
520
189
-177
-495
-684
-725
-648
-503
-329
-135
85
302
451
488
445
388
345
301
248
217
237
299
372
435
464
437
350
227
74
-112
-306
-460
-540
-566
-565
-510
-369
-180
-28
68
170
328
497
602
622
612
616
616
527
264
-162
-622
-997
-1311
-1688
-2121
-2395
-2307
-1921
-1490
-1129
-702
-59
697
1289
1554
1573
1531
1493
1351
969
373
-213
-555
-650
-706
-857
-959
-769
-303
137
304
279
296
405
420
195
-175
-459
-526
-427
-276
-118
96
435
882
1292
1503
1489
1360
1206
986
611
107
-378
-724
-926
-1031
-1044
-940
-711
-378
5
368
630
753
751
649
430
78
-357
-770
-1078
-1250
-1269
-1116
-800
-362
141
660
1115
1416
1510
1416
1180
821
360
-132
-553
-834
-964
-948
-795
-534
-218
102
375
559
617
569
456
309
142
-14
-101
-84
13
147
285
411
497
516
448
282
26
-264
-502
-660
-775
-866
-873
-723
-456
-198
-14
150
366
614
806
885
866
810
760
682
467
39
-516
-1016
-1378
-1712
-2126
-2506
-2585
-2267
-1736
-1226
-751
-152
624
1387
1880
2018
1932
1795
1623
1286
692
-29
-605
-877
-949
-1020
-1105
-1023
-652
-143
234
361
355
369
396
311
54
-273
-489
-490
-333
-146
16
215
530
917
1219
1317
1257
1162
1071
907
600
191
-199
-490
-695
-862
-986
-1004
-852
-545
-172
172
466
720
901
919
720
346
-98
-535
-935
-1260
-1429
-1369
-1073
-598
-32
549
1077
1492
1731
1741
1507
1079
556
25
-468
-888
-1169
-1251
-1132
-874
-549
-211
103
357
522
583
541
414
262
155
130
164
221
303
419
538
591
518
312
21
-305
-625
-906
-1120
-1245
-1245
-1090
-791
-423
-75
222
493
764
1007
1167
1210
1161
1074
988
864
596
115
-500
-1070
-1497
-1873
-2312
-2714
-2796
-2407
-1731
-1077
-527
110
949
1792
2292
2306
2033
1748
1503
1110
438
-362
-945
-1111
-1007
-925
-945
-854
-462
92
451
442
231
85
52
-25
-260
-556
-695
-549
-189
187
445
629
867
1179
1409
1395
1166
904
728
584
358
30
-315
-583
-745
-830
-878
-907
-867
-677
-317
109
456
659
761
804
747
506
67
-460
-914
-1188
-1274
-1211
-1018
-658
-113
537
1126
1514
1667
1630
1437
1085
582
-15
-592
-1030
-1253
-1267
-1138
-929
-644
-274
120
413
521
475
376
281
185
85
24
56
199
415
634
778
798
686
466
152
-252
-694
-1093
-1375
-1501
-1461
-1255
-913
-509
-107
285
669
1012
1251
1364
1386
1358
1285
1139
859
390
-237
-892
-1455
-1942
-2442
-2898
-3057
-2727
-2026
-1258
-566
168
1062
1961
2526
2572
2235
1808
1433
990
329
-471
-1075
-1217
-984
-717
-607
-496
-138
398
747
649
242
-134
-319
-448
-694
-996
-1104
-836
-279
302
709
961
1195
1447
1580
1428
1015
550
227
60
-71
-253
-442
-533
-483
-359
-273
-291
-356
-334
-136
160
381
429
392
411
470
384
12
-543
-1004
-1190
-1165
-1103
-1038
-798
-234
550
1240
1591
1636
1579
1510
1284
739
-46
-754
-1133
-1204
-1178
-1170
-1079
-747
-208
289
508
455
335
305
305
195
-36
-202
-124
184
534
762
853
873
852
723
397
-137
-761
-1290
-1581
-1631
-1542
-1387
-1121
-660
-31
566
921
1005
996
1083
1255
1315
1128
818
649
696
688
286
-505
-1291
-1729
-1916
-2216
-2701
-2956
-2541
-1535
-475
236
733
1395
2263
2900
2863
2197
1409
909
607
111
-707
-1458
-1642
-1223
-688
-479
-513
-374
102
577
604
143
-397
-609
-486
-356
-442
-583
-418
169
864
1230
1158
948
907
979
857
399
-153
-438
-349
-120
-39
-156
-265
-174
53
158
-9
-291
-384
-183
103
216
138
68
133
205
71
-312
-748
-1019
-1062
-972
-832
-612
-225
338
937
1390
1597
1585
1424
1140
728
211
-326
-771
-1036
-1087
-963
-742
-495
-242
17
233
317
220
-3
-232
-371
-409
-367
-241
10
400
858
1236
1411
1350
1099
693
132
-548
-1214
-1704
-1931
-1914
-1685
-1238
-598
106
707
1123
1404
1623
1752
1696
1416
1048
783
630
363
-229
-1027
-1654
-1917
-2039
-2339
-2713
-2673
-1932
-826
45
493
882
1569
2367
2706
2292
1472
861
674
531
-22
-883
-1431
-1255
-646
-282
-400
-570
-304
276
570
237
-419
-831
-797
-600
-577
-696
-613
-99
668
1258
1407
1228
1008
854
633
217
-295
-653
-694
-453
-87
222
361
341
278
241
145
-139
-547
-780
-604
-117
342
555
600
668
749
602
45
-791
-1509
-1792
-1672
-1409
-1135
-684
136
1193
2045
2352
2178
1826
1454
935
131
-825
-1573
-1841
-1670
-1310
-936
-518
45
677
1121
1164
845
387
-34
-400
-727
-937
-893
-540
39
687
1256
1631
1733
1520
1009
276
-545
-1304
-1886
-2215
-2231
-1883
-1209
-393
342
886
1299
1657
1911
1929
1679
1315
1057
959
827
402
-348
-1142
-1658
-1899
-2172
-2631
-2964
-2671
-1687
-537
213
570
1002
1751
2442
2487
1796
932
504
510
408
-164
-889
-1120
-666
-55
78
-266
-515
-293
93
56
-530
-1181
-1375
-1106
-783
-666
-580
-186
560
1313
1680
1596
1295
991
673
225
-324
-764
-893
-696
-306
116
451
632
637
496
240
-118
-529
-848
-890
-592
-84
421
785
1001
1079
951
510
-237
-1086
-1730
-1979
-1877
-1567
-1088
-355
628
1607
2223
2327
2063
1649
1140
457
-382
-1147
-1552
-1499
-1140
-707
-300
127
601
983
1052
726
167
-370
-754
-1010
-1161
-1124
-773
-109
698
1407
1845
1971
1811
1376
658
-277
-1227
-1924
-2223
-2161
-1835
-1275
-495
373
1075
1429
1469
1386
1313
1228
1040
766
583
630
781
677
83
-803
-1525
-1874
-2104
-2511
-2922
-2785
-1848
-547
408
800
1045
1575
2223
2394
1800
875
312
310
389
38
-625
-987
-705
-141
77
-202
-529
-482
-191
-131
-506
-1011
-1211
-1012
-669
-412
-201
146
658
1150
1390
1317
1030
651
243
-145
-428
-541
-475
-281
-3
306
527
529
272
-126
-489
-721
-804
-712
-386
179
849
1404
1663
1565
1147
473
-388
-1319
-2114
-2543
-2479
-1974
-1195
-281
694
1617
2281
2485
2193
1569
835
131
-501
-1014
-1299
-1246
-855
-284
240
562
679
663
531
222
-276
-826
-1198
-1250
-1014
-613
-128
443
1084
1662
1973
1885
1438
791
79
-651
-1349
-1859
-1983
-1679
-1115
-512
43
558
969
1094
839
364
-13
-79
120
398
669
1017
1503
1920
1848
1056
-198
-1359
-2114
-2626
-3148
-3515
-3240
-2120
-608
581
1158
1430
1793
2197
2214
1611
702
80
1
156
83
-279
-542
-394
-1
179
-55
-451
-658
-633
-621
-794
-1042
-1131
-956
-609
-233
104
410
692
920
1045
1038
885
606
281
29
-61
-12
70
103
103
120
119
-10
-312
-681
-923
-910
-642
-196
342
907
1415
1753
1793
1445
732
-192
-1108
-1837
-2283
-2392
-2116
-1461
-549
410
1211
1737
1957
1864
1479
879
216
-323
-604
-624
-472
-242
45
373
640
687
437
-8
-445
-743
-917
-1016
-1015
-821
-385
201
752
1109
1244
1238
1149
937
537
-24
-583
-962
-1103
-1054
-885
-630
-310
28
312
464
417
170
-187
-477
-535
-292
190
769
1318
1782
2136
2262
1915
935
-490
-1851
-2715
-3066
-3179
-3167
-2790
-1801
-398
816
1356
1301
1128
1177
1318
1194
717
226
135
448
732
582
56
-422
-541
-430
-433
-673
-919
-889
-592
-301
-246
-383
-491
-423
-217
-1
153
288
468
689
865
895
754
523
313
172
78
7
-32
-32
-39
-123
-293
-482
-612
-642
-550
-304
115
657
1197
1588
1710
1498
966
224
-557
-1236
-1750
-2055
-2059
-1653
-883
-1
674
1012
1118
1155
1126
889
396
-147
-405
-237
159
441
462
374
380
449
336
-116
-745
-1189
-1228
-962
-655
-448
-249
93
571
986
1122
950
650
431
340
247
16
-320
-579
-611
-450
-262
-184
-198
-195
-114
-32
-92
-339
-644
-794
-659
-270
275
901
1558
2132
2451
2383
1900
1040
-140
-1493
-2702
-3390
-3397
-2909
-2248
-1550
-720
273
1159
1522
1229
630
277
416
768
880
634
379
480
819
862
277
-612
-1125
-962
-491
-284
-472
-674
-540
-188
-49
-331
-776
-926
-604
-35
440
713
917
1154
1302
1158
718
208
-144
-311
-384
-373
-200
113
366
350
85
-205
-329
-302
-257
-225
-72
334
904
1326
1320
883
292
-175
-488
-815
-1236
-1565
-1513
-1010
-335
143
294
305
414
638
777
668
400
232
334
623
829
767
483
175
-29
-194
-459
-831
-1137
-1169
-885
-434
-20
255
413
524
615
636
507
232
-53
-160
-31
188
283
189
40
-17
-1
-68
-309
-620
-790
-732
-560
-453
-452
-418
-199
187
593
948
1302
1679
1930
1852
1418
792
90
-743
-1729
-2619
-2994
-2673
-1940
-1256
-802
-371
246
881
1095
693
46
-218
158
783
1060
829
482
439
617
554
6
-703
-1002
-693
-127
172
26
-315
-525
-546
-568
-714
-848
-699
-158
573
1150
1364
1257
982
616
156
-352
-726
-772
-471
-12
384
649
815
865
673
182
-422
-792
-718
-326
83
342
541
819
1082
1030
499
-287
-861
-969
-803
-732
-867
-954
-734
-298
5
-30
-203
-142
288
833
1131
1080
908
862
908
782
334
-250
-624
-659
-562
-594
-766
-847
-678
-353
-93
0
9
78
225
351
352
242
139
157
307
499
630
653
569
399
143
-192
-575
-933
-1164
-1195
-1025
-738
-428
-131
158
416
591
675
753
931
1186
1359
1291
980
566
152
-313
-929
-1628
-2108
-2072
-1539
-865
-422
-277
-215
-54
119
80
-203
-443
-277
354
1093
1454
1248
705
216
-65
-270
-533
-735
-609
-105
457
646
303
-319
-828
-1014
-938
-713
-337
243
915
1370
1330
829
190
-286
-537
-659
-667
-450
36
610
961
930
630
329
194
176
127
-3
-98
-18
211
394
368
183
21
-3
52
33
-122
-368
-618
-824
-981
-1086
-1107
-991
-696
-244
279
774
1164
1385
1384
1163
829
517
287
80
-153
-363
-454
-419
-366
-392
-463
-467
-343
-149
-7
20
-46
-145
-233
-284
-256
-91
221
595
900
1047
1029
854
514
15
-529
-929
-1057
-954
-770
-612
-471
-301
-119
9
82
184
371
586
699
661
553
498
505
472
335
175
124
178
117
-273
-922
-1440
-1477
-1061
-577
-353
-344
-256
43
326
273
-105
-408
-242
333
820
759
178
-443
-680
-540
-332
-245
-140
175
603
785
497
-72
-493
-501
-181
209
521
740
840
694
231
-397
-856
-912
-647
-343
-181
-79
137
453
652
589
398
371
598
839
775
359
-104
-273
-87
221
386
367
291
236
111
-224
-747
-1244
-1481
-1406
-1155
-895
-682
-455
-143
262
702
1083
1328
1382
1238
922
481
-4
-414
-606
-508
-190
155
345
326
168
-51
-305
-573
-790
-841
-688
-420
-195
-93
-42
97
379
713
945
983
846
602
297
-49
-409
-703
-827
-728
-450
-134
72
94
-14
-133
-159
-72
68
200
299
366
400
389
338
282
248
226
201
179
157
61
-216
-648
-1006
-997
-578
-33
285
274
128
53
23
-143
-504
-836
-839
-440
69
283
59
-359
-591
-472
-163
89
205
276
376
440
371
185
29
58
291
606
824
819
564
126
-374
-793
-1001
-939
-671
-356
-115
57
245
473
652
688
591
474
426
424
385
286
209
251
416
578
583
374
17
-372
-715
-979
-1134
-1156
-1060
-917
-776
-617
-374
-30
345
651
833
900
858
690
387
9
-307
-423
-291
11
319
496
503
390
235
80
-78
-243
-395
-483
-477
-375
-226
-89
-2
50
114
213
300
290
149
-55
-195
-183
-51
76
81
-41
-178
-191
-60
101
167
141
142
247
377
378
192
-72
-253
-270
-174
-76
-44
-66
-77
-33
57
157
233
268
233
125
17
17
143
250
167
-92
-330
-381
-311
-336
-541
-756
-725
-410
-82
-60
-391
-777
-857
-562
-128
171
300
420
623
805
810
623
399
293
316
356
295
96
-192
-482
-685
-744
-637
-410
-157
42
149
201
233
251
248
243
277
363
475
595
713
801
793
622
321
-15
-297
-514
-706
-871
-932
-817
-560
-322
-260
-374
-479
-380
-62
285
460
433
321
235
162
27
-167
-298
-221
82
448
662
636
456
282
180
117
47
-22
-58
-82
-136
-230
-306
-301
-224
-138
-90
-54
26
150
221
141
-66
-238
-240
-115
-38
-108
-213
-144
165
549
755
694
479
279
156
16
-217
-484
-634
-573
-380
-206
-122
-76
11
144
266
362
459
560
577
411
108
-131
-127
81
252
193
-31
-189
-180
-164
-363
-773
-1112
-1114
-810
-503
-448
-600
-669
-422
68
509
680
607
472
381
297
159
6
-64
-9
115
211
221
127
-62
-280
-427
-416
-256
-59
46
11
-72
-65
96
338
547
673
753
796
753
594
362
155
17
-97
-212
-301
-335
-346
-399
-490
-524
-414
-184
23
67
-44
-164
-153
-28
47
-35
-201
-281
-222
-133
-126
-165
-106
99
357
526
561
529
484
429
332
204
111
83
77
12
-114
-198
-158
-36
28
-52
-188
-249
-212
-196
-298
-454
-497
-335
-63
162
273
346
480
647
715
588
321
63
-98
-200
-321
-457
-522
-445
-278
-140
-108
-138
-120
-4
154
254
273
276
346
477
580
561
410
218
98
93
122
51
-175
-455
-613
-588
-501
-524
-680
-795
-694
-389
-89
7
-82
-153
-38
201
331
216
-43
-210
-152
34
167
167
87
21
-19
-68
-149
-223
-245
-192
-71
79
205
256
201
86
18
96
325
588
734
697
535
367
260
187
89
-52
-176
-209
-134
-41
-47
-177
-305
-269
-52
186
244
89
-128
-248
-258
-296
-454
-651
-704
-528
-236
-18
67
117
252
436
520
435
264
174
218
301
324
273
231
253
289
265
153
23
-59
-118
-218
-388
-550
-606
-542
-404
-241
-47
186
402
520
504
411
331
286
250
178
67
-30
-94
-145
-221
-328
-420
-447
-421
-381
-341
-278
-171
-43
66
153
260
391
505
551
518
458
418
387
317
166
-32
-179
-215
-160
-132
-205
-336
-413
-373
-280
-250
-312
-379
-346
-204
-59
-28
-121
-226
-242
-175
-119
-163
-273
-345
-316
-218
-123
-85
-91
-97
-68
-5
67
100
75
25
14
89
223
345
407
421
455
533
613
605
466
261
97
46
66
73
29
-27
-18
84
238
356
373
292
164
31
-93
-241
-424
-597
-694
-671
-542
-378
-248
-182
-154
-110
-30
64
110
85
26
4
64
181
285
324
305
286
303
323
291
177
20
-99
-151
-173
-221
-287
-302
-209
-32
140
236
255
252
242
203
124
50
59
150
226
183
9
-201
-341
-394
-422
-459
-472
-396
-237
-89
-37
-72
-100
-41
97
239
313
311
257
191
150
153
176
179
147
113
131
201
232
153
-12
-148
-132
1
100
49
-107
-186
-91
82
136
-8
-220
-331
-310
-279
-371
-549
-655
-571
-344
-132
-65
-130
-218
-255
-254
-264
-290
-287
-220
-109
22
172
325
439
467
433
413
450
479
399
198
1
-41
101
295
389
373
382
519
703
751
570
294
125
110
106
-47
-319
-519
-507
-341
-203
-208
-299
-331
-246
-130
-118
-239
-385
-424
-328
-192
-125
-138
-156
-98
38
174
233
189
90
6
-18
11
34
12
-44
-71
-7
135
275
338
316
282
301
355
367
275
109
-25
-37
48
112
60
-102
-263
-332
-319
-292
-294
-304
-273
-195
-106
-61
-74
-121
-150
-126
-49
47
101
77
-5
-80
-81
-13
51
39
-28
-48
43
197
298
294
266
319
463
570
519
328
149
108
170
178
44
-156
-273
-256
-219
-284
-429
-513
-441
-287
-211
-301
-477
-593
-592
-532
-497
-494
-451
-307
-116
18
44
0
-25
17
89
148
170
166
167
183
223
278
337
400
474
560
647
702
695
614
485
352
245
165
86
-5
-86
-123
-85
11
107
145
94
-3
-75
-88
-91
-156
-295
-425
-449
-365
-269
-252
-310
-345
-269
-114
-6
-52
-231
-396
-417
-298
-156
-82
-55
24
202
413
535
511
399
312
315
356
333
218
72
-7
19
79
97
48
-26
-74
-85
-91
-121
-169
-206
-203
-165
-117
-77
-53
-33
-16
-8
-10
-31
-61
-104
-169
-247
-313
-324
-272
-191
-130
-96
-38
85
241
355
367
313
277
305
360
365
307
254
273
351
381
292
127
4
-13
20
-8
-112
-201
-201
-143
-144
-274
-459
-575
-549
-452
-396
-425
-476
-442
-319
-208
-201
-289
-372
-352
-251
-153
-115
-120
-99
2
171
337
441
481
499
532
563
533
417
261
142
109
140
178
197
222
291
398
478
476
390
283
200
122
18
-91
-154
-129
-71
-49
-77
-117
-118
-111
-151
-263
-402
-489
-505
-494
-515
-553
-523
-377
-160
23
91
75
62
96
150
167
129
75
63
109
182
232
235
207
187
188
191
161
82
-21
-89
-94
-45
24
75
102
110
108
105
95
69
17
-65
-157
-226
-258
-270
-289
-321
-334
-285
-173
-49
19
8
-28
-26
30
91
85
26
-16
25
143
258
299
267
219
222
272
319
314
258
209
224
285
321
271
136
-3
-64
-47
-20
-53
-155
-244
-258
-221
-218
-305
-436
-511
-491
-422
-395
-433
-461
-404
-257
-107
-41
-51
-70
-34
33
57
10
-72
-122
-119
-85
-59
-42
3
93
208
310
373
389
368
323
265
226
232
274
323
351
360
379
405
401
329
211
109
61
44
-5
-109
-225
-280
-251
-186
-149
-160
-173
-148
-98
-93
-163
-271
-342
-326
-241
-155
-120
-136
-160
-148
-101
-55
-40
-65
-80
-59
-12
34
41
23
29
90
202
302
332
285
212
162
141
122
74
19
-9
-7
8
14
3
3
24
47
55
42
18
5
-2
-26
-67
-99
-96
-70
-62
-86
-122
-119
-68
-22
-11
-33
-45
-9
54
95
100
93
112
155
183
168
121
103
133
183
208
176
109
48
-1
-55
-127
-203
-242
-222
-170
-125
-97
-76
-41
-1
13
-16
-71
-122
-173
-223
-278
-331
-344
-326
-290
-258
-234
-207
-165
-127
-113
-117
-123
-109
-83
-45
6
73
153
224
276
309
330
333
317
284
247
233
242
261
276
273
275
296
321
326
292
242
201
174
147
98
37
-23
-68
-85
-92
-102
-119
-150
-180
-203
-240
-289
-336
-369
-368
-342
-306
-257
-206
-148
-91
-53
-31
-35
-58
-83
-106
-125
-132
-120
-82
-30
21
59
75
85
93
113
149
187
214
228
237
243
242
228
204
181
164
146
122
96
60
20
-16
-37
-46
-48
-52
-70
-95
-113
-118
-110
-97
-95
-99
-93
-73
-51
-34
-31
-28
-17
-8
-12
-34
-62
-74
-62
-15
48
106
148
171
190
210
221
207
156
94
57
49
52
24
-47
-110
-122
-92
-69
-103
-182
-236
-218
-164
-146
-193
-265
-293
-245
-178
-161
-198
-232
-212
-160
-136
-178
-239
-245
-163
-48
34
69
89
145
229
292
306
292
304
355
422
451
424
372
327
314
324
323
301
255
203
159
115
65
2
-67
-120
-138
-131
-104
-96
-120
-161
-198
-208
-200
-194
-220
-272
-325
-355
-356
-349
-356
-375
-376
-332
-251
-178
-141
-139
-130
-75
20
112
166
175
166
189
244
298
311
287
263
274
323
353
326
255
187
168
189
203
161
79
18
5
27
38
2
-54
-88
-100
-110
-136
-184
-217
-220
-204
-193
-196
-208
-215
-209
-189
-156
-101
-34
29
67
79
87
93
102
98
83
81
87
102
106
92
72
65
76
93
104
98
87
81
81
75
51
13
-32
-75
-114
-149
-185
-212
-244
-272
-292
-310
-322
-333
-334
-319
-293
-253
-212
-168
-113
-56
4
66
122
170
211
244
262
258
247
239
249
284
316
323
313
303
310
337
347
317
265
220
212
215
191
132
63
36
52
70
44
-34
-122
-184
-222
-263
-331
-402
-441
-433
-403
-378
-372
-369
-344
-309
-265
-226
-195
-165
-141
-126
-104
-74
-27
21
58
97
141
197
250
273
265
247
252
279
303
304
279
250
244
254
254
228
181
131
98
76
44
-8
-61
-97
-108
-105
-112
-140
-186
-216
-216
-197
-171
-160
-155
-146
-122
-99
-102
-125
-158
-169
-142
-108
-83
-83
-86
-59
1
71
113
125
131
159
208
246
246
217
190
187
194
183
133
69
35
36
42
13
-50
-116
-158
-171
-186
-211
-230
-225
-193
-157
-140
-148
-161
-163
-155
-152
-154
-153
-140
-114
-84
-56
-16
35
85
118
131
136
152
174
199
214
217
225
244
277
311
322
320
307
288
267
226
162
84
4
-50
-71
-65
-57
-68
-90
-113
-130
-143
-168
-204
-236
-252
-253
-253
-263
-289
-307
-304
-287
-252
-210
-164
-114
-77
-62
-54
-40
-12
24
53
79
118
171
218
242
237
223
226
247
256
244
214
185
174
166
146
114
85
76
77
80
63
38
21
7
-4
-27
-59
-97
-132
-164
-202
-230
-248
-254
-251
-248
-245
-237
-219
-193
-167
-138
-111
-82
-45
-8
25
49
74
101
131
160
170
166
155
150
153
159
159
147
140
140
153
158
150
143
137
137
121
80
24
-26
-56
-74
-97
-124
-141
-130
-102
-89
-106
-133
-148
-137
-127
-142
-169
-185
-164
-115
-67
-40
-30
-13
9
31
38
26
16
11
15
22
24
29
44
61
78
101
129
154
169
158
126
100
88
85
77
47
7
-19
-24
-16
-19
-48
-79
-93
-85
-69
-70
-96
-124
-130
-107
-71
-48
-48
-58
-58
-29
9
26
22
0
-8
11
36
48
30
6
8
42
84
102
92
73
77
106
130
134
121
110
120
133
127
90
32
-11
-33
-43
-51
-68
-89
-93
-88
-95
-112
-135
-156
-162
-149
-142
-138
-130
-123
-114
-100
-86
-73
-59
-51
-48
-43
-32
-12
11
31
49
72
100
135
157
160
161
156
159
157
135
105
82
70
78
89
94
91
93
93
84
65
32
-2
-22
-28
-32
-40
-43
-41
-29
-20
-16
-23
-44
-63
-89
-117
-140
-161
-171
-171
-160
-144
-125
-101
-79
-58
-38
-26
-15
-16
-26
-33
-37
-31
-17
-1
13
31
44
40
31
17
8
10
16
19
19
24
32
39
46
49
58
81
101
111
99
80
67
63
63
60
52
50
52
54
48
32
10
-2
-2
4
10
10
5
-1
-8
-10
-8
-8
-11
-22
-38
-55
-63
-70
-75
-74
-72
-63
-49
-40
-40
-54
-67
-66
-55
-37
-23
-19
-15
-8
-3
-2
-12
-20
-18
-1
16
27
31
28
42
66
83
98
100
97
101
106
93
69
37
8
-8
-10
-15
-26
-33
-38
-38
-34
-35
-41
-52
-61
-65
-68
-60
-48
-40
-26
-6
18
42
54
55
43
37
34
23
7
-12
-22
-8
17
34
40
43
53
68
77
67
39
19
8
7
8
-3
-21
-30
-31
-30
-31
-38
-56
-72
-90
-100
-105
-106
-107
-111
-111
-102
-84
-68
-60
-62
-61
-47
-24
-1
6
3
2
10
28
49
60
66
75
88
106
114
120
120
117
123
131
136
138
129
110
91
77
71
62
44
18
-10
-30
-37
-41
-51
-65
-80
-90
-96
-93
-97
-112
-118
-119
-110
-96
-96
-113
-135
-147
-140
-120
-103
-96
-88
-66
-34
-1
17
23
42
71
107
136
137
131
128
131
141
137
130
126
127
133
128
111
86
67
50
28
11
-6
-13
-12
-16
-22
-32
-37
-33
-35
-45
-63
-78
-87
-90
-94
-111
-128
-134
-126
-106
-84
-70
-57
-47
-31
-14
-11
-10
-10
-6
13
38
55
64
71
73
79
83
80
73
72
78
82
80
68
52
41
38
36
25
9
-4
-9
-10
-20
-39
-61
-75
-77
-77
-88
-102
-116
-119
-105
-94
-88
-85
-78
-60
-36
-17
-7
5
22
44
62
65
57
49
52
62
73
76
78
84
94
99
94
85
79
79
83
80
72
67
61
56
48
25
10
1
-11
-31
-59
-87
-102
-107
-110
-125
-140
-140
-130
-114
-107
-113
-113
-91
-67
-50
-46
-57
-58
-42
-21
-6
4
10
28
51
68
73
66
61
67
80
95
108
115
115
118
122
124
128
124
109
96
86
71
59
37
8
-12
-20
-18
-16
-26
-41
-52
-57
-60
-70
-86
-106
-119
-120
-116
-111
-108
-109
-105
-95
-80
-68
-60
-60
-57
-43
-23
-2
6
3
2
13
40
66
80
83
85
98
111
117
104
75
58
53
55
52
40
27
17
25
31
24
10
-1
-9
-8
-4
-11
-23
-30
-36
-41
-51
-61
-71
-75
-66
-59
-57
-58
-60
-59
-57
-48
-44
-35
-17
0
14
23
27
27
34
41
44
49
48
46
46
44
36
30
26
23
28
30
27
26
20
18
15
11
8
4
2
-4
-12
-24
-36
-41
-44
-45
-43
-48
-47
-44
-42
-43
-49
-51
-46
-32
-12
4
12
13
21
33
41
44
40
31
30
38
39
36
33
34
42
57
70
70
67
67
64
60
53
42
29
17
12
3
-2
0
-1
-6
-12
-19
-32
-39
-52
-66
-78
-83
-76
-71
-66
-68
-72
-64
-50
-37
-33
-36
-40
-40
-40
-39
-42
-49
-49
-36
-26
-15
-5
-1
4
12
19
29
36
45
53
56
63
72
78
78
78
69
63
67
62
60
56
48
46
41
34
24
14
12
10
4
-2
-13
-23
-28
-40
-51
-63
-74
-78
-81
-86
-91
-98
-96
-90
-81
-72
-70
-65
-58
-47
-36
-29
-24
-18
-10
1
11
18
21
25
38
48
61
66
62
59
59
66
69
72
77
75
80
89
90
82
75
60
46
42
35
22
7
-11
-30
-38
-43
-50
-54
-57
-57
-50
-42
-38
-44
-48
-52
-53
-46
-40
-37
-34
-29
-22
-13
-2
4
6
10
15
22
31
33
30
30
35
47
58
62
61
63
67
76
79
73
59
44
34
23
9
-6
-21
-31
-33
-35
-43
-52
-62
-72
-76
-78
-84
-84
-85
-83
-80
-76
-67
-63
-55
-43
-37
-27
-20
-13
-7
1
14
26
37
49
61
74
87
97
103
103
102
99
91
82
73
66
61
57
48
39
35
30
21
11
-11
-23
-28
-38
-48
-68
-85
-91
-88
-85
-92
-106
-116
-117
-112
-111
-118
-126
-123
-109
-91
-77
-71
-62
-45
-17
8
27
35
41
57
74
86
94
94
95
104
112
113
109
102
95
95
98
98
95
90
84
78
71
59
44
29
12
-1
-16
-27
-33
-40
-49
-61
-73
-80
-82
-89
-99
-106
-112
-106
-97
-89
-86
-85
-70
-51
-29
-12
-3
3
15
30
36
41
40
38
53
68
83
91
94
94
97
98
94
87
73
63
60
54
45
38
26
11
6
-2
-17
-27
-42
-59
-67
-75
-83
-86
-88
-86
-84
-81
-76
-74
-71
-67
-67
-64
-61
-57
-52
-44
-38
-25
-7
7
22
33
38
48
58
70
75
80
87
93
102
106
102
92
91
85
82
75
57
41
29
17
6
-8
-23
-33
-39
-47
-49
-61
-73
-76
-82
-83
-87
-90
-91
-93
-88
-91
-92
-90
-87
-81
-76
-64
-55
-41
-25
-13
2
11
25
37
47
57
64
70
78
84
88
94
98
103
107
106
105
96
87
77
63
51
36
28
23
18
13
3
-8
-17
-24
-31
-43
-55
-67
-77
-81
-84
-90
-94
-93
-88
-78
-64
-60
-59
-55
-51
-39
-29
-21
-15
-10
5
25
39
46
52
52
60
68
73
72
65
65
70
78
86
86
81
78
79
77
69
56
39
24
15
5
-9
-25
-40
-51
-58
-61
-65
-77
-83
-88
-96
-97
-99
-101
-99
-91
-82
-72
-63
-56
-47
-41
-34
-23
-15
-5
6
12
20
29
39
46
55
65
72
83
90
94
96
93
97
93
88
85
75
67
59
48
35
20
10
1
-8
-17
-27
-38
-47
-52
-60
-69
-77
-86
-94
-94
-93
-97
-98
-97
-95
-86
-75
-69
-66
-61
-54
-42
-30
-22
-16
-7
10
30
46
56
61
69
75
85
90
87
86
88
89
91
89
83
79
76
74
66
56
48
34
23
14
-1
-10
-16
-25
-27
-38
-48
-54
-61
-69
-77
-85
-95
-94
-94
-94
-88
-84
-74
-61
-48
-33
-25
-18
-6
1
8
17
22
29
39
49
56
63
69
72
77
81
80
77
76
73
70
66
63
56
52
53
44
38
29
15
8
-3
-15
-28
-40
-49
-56
-60
-66
-73
-81
-83
-79
-81
-80
-79
-81
-73
-66
-61
-56
-54
-48
-39
-29
-20
-17
-11
-2
9
19
29
36
43
51
61
70
71
75
78
78
82
82
79
77
72
67
63
55
48
41
30
22
11
0
-8
-14
-22
-28
-34
-42
-44
-50
-59
-65
-75
-79
-79
-80
-81
-82
-78
-75
-66
-60
-57
-52
-47
-38
-30
-21
-15
-9
1
13
26
35
48
54
61
69
71
74
72
68
66
66
65
65
64
60
59
58
57
54
47
39
27
20
11
-1
-8
-20
-30
-35
-42
-46
-51
-58
-63
-67
-69
-70
-70
-71
-71
-66
-62
-52
-42
-36
-30
-20
-12
-3
7
11
14
20
28
38
42
47
53
55
63
72
72
73
74
71
71
72
67
58
52
45
37
32
22
9
-2
-13
-23
-30
-41
-53
-60
-67
-72
-74
-75
-81
-84
-80
-83
-76
-71
-74
-69
-65
-58
-50
-44
-36
-32
-24
-8
1
10
21
30
37
51
63
68
75
81
82
86
91
89
85
84
80
77
76
69
63
53
44
36
26
16
1
-10
-24
-34
-39
-48
-58
-61
-70
-74
-75
-80
-85
-91
-93
-94
-92
-85
-84
-79
-70
-60
-46
-33
-23
-14
-4
6
18
26
31
40
45
56
64
68
77
80
82
86
85
84
80
76
72
67
61
57
51
45
38
30
22
11
2
-10
-19
-30
-42
-49
-58
-62
-66
-72
-74
-76
-77
-74
-71
-71
-69
-64
-59
-51
-41
-34
-27
-19
-7
1
12
21
23
33
41
47
55
59
64
68
71
78
78
78
78
74
71
68
62
56
48
38
28
19
9
-1
-13
-24
-36
-45
-50
-58
-65
-73
-79
-81
-82
-84
-85
-88
-89
-83
-79
-74
-67
-62
-54
-41
-28
-19
-8
1
10
22
32
43
47
54
66
73
81
87
88
92
93
94
91
85
78
71
65
56
50
39
30
23
16
6
-3
-13
-27
-36
-43
-55
-65
-75
-81
-86
-91
-89
-92
-96
-89
-88
-85
-79
-74
-69
-61
-50
-43
-32
-19
-7
4
17
30
37
49
58
63
68
73
78
80
84
85
84
84
86
86
81
75
66
59
55
46
35
23
11
1
-4
-14
-24
-37
-46
-52
-58
-63
-73
-80
-84
-84
-82
-81
-82
-81
-73
-66
-57
-48
-45
-37
-25
-18
-6
3
9
18
26
38
46
53
61
64
71
76
80
82
82
80
79
76
70
66
58
49
41
33
22
14
6
-6
-12
-22
-33
-37
-49
-56
-60
-71
-74
-74
-80
-80
-80
-79
-76
-71
-68
-65
-59
-54
-45
-38
-29
-22
-14
-2
9
22
31
40
49
57
63
70
73
73
77
77
77
77
74
72
70
66
61
54
44
37
29
18
9
0
-10
-16
-22
-31
-37
-45
-51
-58
-63
-67
-75
-79
-81
-83
-81
-79
-76
-73
-66
-57
-51
-45
-35
-29
-21
-9
-3
9
15
23
36
42
50
59
65
65
72
75
73
77
77
73
72
70
67
62
57
50
43
35
28
19
10
-1
-11
-18
-28
-34
-41
-52
-59
-63
-67
-71
-72
-75
-78
-73
-71
-67
-64
-60
-55
-48
-40
-33
-26
-19
-12
-1
7
18
28
30
41
49
55
63
64
70
69
73
76
72
73
72
66
66
60
52
45
37
28
19
9
0
-9
-17
-24
-33
-41
-46
-53
-59
-62
-67
-74
-74
-76
-76
-77
-75
-70
-69
-61
-53
-52
-42
-32
-27
-17
-8
-1
9
20
28
39
48
53
61
68
73
75
77
78
78
78
76
74
68
65
60
53
50
40
30
23
14
4
-6
-15
-24
-32
-43
-47
-54
-63
-66
-73
-77
-79
-84
-81
-82
-81
-76
-73
-68
-60
-53
-46
-37
-27
-22
-10
0
7
16
27
34
41
52
58
63
70
73
75
79
78
76
76
74
70
67
63
56
48
45
34
25
19
6
-4
-13
-22
-29
-40
-45
-52
-59
-61
-66
-70
-72
-73
-72
-73
-71
-67
-64
-59
-52
-46
-39
-30
-21
-17
-5
3
10
20
25
33
42
46
55
61
63
68
69
69
70
70
66
64
60
55
50
44
40
31
22
17
7
-2
-8
-20
-28
-34
-43
-48
-54
-59
-63
-68
-69
-71
-73
-72
-71
-69
-65
-61
-55
-49
-43
-33
-25
-16
-8
1
9
17
27
35
44
49
57
64
69
72
76
78
76
78
77
71
69
65
59
52
47
40
30
24
14
5
-5
-13
-25
-34
-42
-51
-57
-64
-68
-72
-77
-79
-80
-82
-81
-78
-76
-73
-66
-61
-53
-45
-34
-26
-18
-5
3
12
21
30
39
44
55
61
66
71
78
81
82
84
83
79
79
73
68
63
56
49
40
33
23
12
4
-6
-16
-28
-35
-45
-55
-60
-68
-72
-76
-82
-81
-81
-84
-82
-79
-75
-74
-65
-59
-55
-44
-35
-25
-15
-6
4
13
23
33
42
50
58
64
72
76
81
84
85
88
86
83
80
75
70
62
56
50
39
28
24
10
0
-8
-20
-31
-38
-48
-59
-63
-72
-76
-80
-84
-86
-87
-86
-86
-84
-80
-77
-69
-65
-56
-45
-38
-27
-16
-6
4
13
25
33
43
51
59
65
72
79
81
86
89
87
88
87
82
80
74
66
62
52
43
38
25
16
9
-4
-13
-22
-32
-44
-52
-57
-67
-72
-75
-81
-84
-82
-84
-85
-82
-79
-76
-71
-65
-57
-53
-44
-33
-25
-16
-5
3
13
23
30
37
46
53
58
65
71
72
78
78
79
81
76
75
73
67
60
56
47
42
33
22
17
6
-5
-10
-21
-32
-38
-47
-53
-60
-65
-69
-74
-74
-76
-79
-75
-74
-74
-68
-64
-61
-51
-46
-38
-29
-20
-10
-2
8
16
24
34
41
48
55
61
66
72
75
76
78
78
78
73
71
67
61
56
48
43
34
25
17
9
0
-11
-19
-27
-38
-44
-52
-60
-64
-69
-75
-75
-76
-80
-77
-76
-74
-71
-67
-61
-57
-47
-41
-32
-24
-14
-6
5
14
21
32
39
45
55
60
65
71
74
78
80
79
80
79
73
71
67
61
53
47
40
30
23
14
4
-5
-14
-23
-33
-40
-49
-57
-62
-68
-72
-75
-77
-78
-79
-77
-76
-73
-69
-66
-58
-53
-47
-36
-29
-19
-9
-2
11
16
25
37
41
49
58
59
66
72
74
76
77
78
76
73
70
66
60
54
48
39
31
25
15
5
-2
-11
-21
-29
-35
-46
-53
-55
-64
-69
-68
-73
-75
-74
-73
-71
-68
-65
-60
-56
-49
-40
-36
-25
-17
-8
1
10
18
26
34
41
48
53
59
64
67
70
73
74
71
72
69
65
62
54
50
42
36
28
19
13
1
-5
-14
-23
-30
-38
-44
-50
-60
-60
-64
-72
-69
-71
-72
-70
-69
-65
-63
-57
-51
-46
-39
-34
-25
-15
-9
0
9
18
25
32
42
46
53
59
62
66
70
72
72
73
72
68
67
63
56
51
45
37
30
22
14
5
-6
-11
-18
-29
-35
-43
-51
-56
-62
-65
-69
-71
-73
-72
-70
-70
-70
-63
-59
-55
-48
-42
-35
-27
-19
-10
0
6
14
27
31
38
46
51
57
61
65
69
69
69
73
70
67
66
61
56
49
44
38
27
22
16
5
-2
-10
-18
-27
-33
-39
-47
-54
-56
-62
-65
-65
-69
-69
-68
-65
-61
-62
-53
-51
-46
-36
-31
-23
-18
-9
2
6
17
24
28
36
44
50
53
56
61
64
65
67
64
64
62
61
56
50
46
36
35
26
18
13
0
-3
-10
-19
-24
-33
-39
-45
-49
-52
-60
-62
-60
-65
-63
-61
-63
-59
-56
-51
-43
-43
-37
-29
-20
-14
-8
0
7
12
23
30
34
38
45
51
54
57
59
59
60
63
60
58
57
51
48
46
40
30
25
21
12
6
0
-8
-16
-23
-24
-33
-39
-46
-49
-51
-54
-56
-58
-58
-59
-55
-53
-52
-50
-46
-39
-35
-29
-25
-19
-11
-5
4
8
14
21
25
34
39
39
44
49
51
53
54
56
53
50
55
51
44
40
39
34
28
23
17
10
4
1
-7
-14
-21
-25
-29
-34
-38
-43
-47
-48
-48
-50
-52
-50
-52
-47
-44
-44
-40
-38
-30
-25
-22
-14
-11
-7
4
10
15
19
25
29
37
42
41
46
47
48
52
53
52
47
49
49
44
41
33
29
24
20
18
8
2
-4
-8
-13
-22
-26
-34
-37
-38
-43
-45
-51
-52
-49
-52
-51
-52
-50
-47
-41
-37
-35
-29
-26
-18
-13
-10
-4
3
9
18
24
27
32
35
39
43
45
47
50
51
53
53
52
46
44
40
37
36
27
25
21
14
9
5
-6
-14
-15
-23
-27
-28
-33
-38
-41
-43
-46
-51
-51
-52
-50
-46
-43
-40
-41
-37
-31
-30
-25
-20
-17
-8
2
7
10
15
18
23
31
32
33
37
44
48
48
50
45
43
44
45
40
33
35
32
30
27
18
9
1
3
-2
-11
-14
-20
-21
-22
-28
-35
-43
-45
-41
-42
-45
-43
-42
-41
-36
-34
-39
-38
-32
-25
-18
-15
-10
-6
1
8
8
8
13
19
27
32
36
36
36
43
42
39
37
38
37
40
42
35
30
28
25
19
11
7
3
2
0
-4
-11
-16
-21
-25
-30
-34
-35
-36
-36
-34
-36
-41
-37
-39
-42
-37
-36
-31
-26
-22
-16
-14
-12
-8
-6
-2
3
7
17
23
24
29
29
29
34
32
33
36
38
40
42
40
34
30
31
25
20
19
14
14
14
9
1
-5
-10
-15
-18
-23
-27
-28
-28
-27
-30
-39
-41
-40
-41
-39
-36
-37
-32
-26
-22
-21
-26
-21
-15
-9
-3
0
6
11
19
22
21
22
21
28
35
37
37
38
42
42
39
34
27
27
26
29
26
19
17
14
10
4
-6
-14
-16
-11
-18
-18
-22
-31
-30
-31
-35
-42
-43
-39
-34
-31
-32
-31
-32
-27
-25
-26
-21
-18
-11
0
4
6
7
11
17
15
18
25
26
32
40
38
36
36
35
31
32
30
28
30
31
27
21
17
11
5
0
-3
-7
-9
-8
-11
-17
-22
-28
-31
-33
-35
-36
-36
-31
-29
-28
-32
-32
-31
-32
-26
-24
-20
-13
-6
0
0
-1
2
5
12
13
19
21
26
34
33
32
28
27
31
31
32
28
29
32
29
26
17
11
8
6
8
4
-3
-4
-4
-7
-15
-22
-26
-28
-26
-23
-26
-29
-28
-25
-26
-31
-32
-33
-28
-20
-16
-16
-14
-9
-7
-5
-3
-5
-1
8
16
17
19
20
22
25
24
24
22
24
29
33
31
26
25
22
19
17
13
10
9
10
9
6
-1
-6
-6
-13
-15
-17
-20
-18
-19
-19
-21
-26
-27
-27
-26
-26
-24
-24
-18
-14
-18
-15
-12
-14
-10
-5
-3
-2
6
10
11
14
13
15
16
17
21
21
24
26
26
25
23
22
19
18
19
15
14
15
14
9
4
1
-4
-7
-5
-10
-11
-12
-13
-13
-18
-22
-24
-25
-23
-21
-22
-22
-18
-15
-16
-16
-18
-17
-12
-6
-4
-2
1
5
8
10
9
7
10
16
19
19
22
21
22
24
19
19
14
14
21
18
15
14
10
8
7
1
-4
-6
-7
-4
-5
-8
-12
-15
-14
-19
-20
-22
-25
-17
-17
-17
-14
-18
-16
-13
-15
-13
-10
-10
-3
3
2
4
3
5
7
9
11
10
16
20
20
20
20
15
15
17
14
13
15
16
14
13
9
5
1
0
-3
-5
-5
-5
-6
-8
-10
-14
-16
-19
-19
-19
-20
-15
-14
-14
-14
-15
-16
-13
-13
-12
-8
-5
0
4
4
3
2
5
7
8
11
13
15
19
21
19
14
14
15
15
16
14
13
13
14
11
7
1
-1
0
-3
-2
-6
-7
-7
-8
-10
-16
-19
-21
-17
-16
-18
-15
-17
-16
-13
-14
-17
-17
-14
-10
-4
-5
-5
2
1
3
6
3
4
8
15
15
15
19
17
16
19
14
14
15
15
18
17
15
14
10
9
5
3
1
0
0
0
-4
-6
-8
-13
-13
-16
-17
-19
-16
-14
-18
-18
-17
-18
-18
-18
-17
-15
-13
-9
-7
-7
-4
-3
-2
0
0
3
6
11
12
12
14
16
13
17
18
15
17
20
20
19
18
15
13
14
10
7
6
5
4
4
1
-3
-9
-7
-9
-15
-13
-14
-17
-14
-14
-18
-20
-21
-19
-20
-19
-17
-16
-14
-11
-8
-9
-11
-6
-3
-3
2
4
6
9
11
14
12
10
15
18
16
21
20
18
22
21
19
14
13
13
10
11
11
7
6
4
0
-4
-7
-9
-11
-8
-11
-14
-12
-16
-20
-18
-19
-24
-22
-19
-18
-17
-14
-15
-13
-12
-13
-11
-7
-6
-2
2
5
6
7
10
10
9
13
16
14
19
21
20
21
20
18
14
15
15
13
14
13
11
9
6
3
0
-4
-6
-5
-7
-7
-11
-10
-12
-17
-18
-18
-21
-20
-16
-17
-16
-16
-16
-14
-16
-13
-12
-11
-7
-5
-1
1
1
2
6
4
6
10
10
14
17
19
18
15
18
15
15
17
14
17
14
14
14
9
8
5
2
2
-1
-2
-3
-4
-5
-8
-13
-13
-14
-16
-16
-15
-13
-17
-12
-14
-17
-16
-15
-14
-14
-11
-7
-6
-5
-2
-1
-2
1
3
2
6
10
10
12
14
12
11
13
14
12
13
17
14
15
14
13
11
7
8
6
3
3
2
2
2
-3
-3
-6
-10
-9
-10
-11
-12
-13
-12
-10
-15
-13
-15
-15
-12
-13
-11
-10
-8
-7
-4
-4
-7
-4
-1
1
2
5
5
7
10
9
9
9
10
11
15
15
12
15
15
12
11
11
8
6
8
9
6
3
2
0
-2
-3
-8
-7
-7
-9
-8
-9
-12
-12
-14
-13
-15
-14
-15
-13
-9
-10
-11
-8
-10
-9
-6
-5
-3
-3
1
6
5
4
5
10
6
7
14
11
12
15
15
14
13
11
11
10
8
10
10
8
9
6
2
3
0
-4
-2
-4
-6
-6
-7
-7
-11
-14
-11
-13
-15
-13
-13
-12
-11
-11
-10
-11
-10
-9
-7
-6
-5
-2
1
1
3
2
2
6
5
8
10
10
13
12
13
12
11
10
11
11
10
11
10
8
7
7
4
0
0
0
-1
-2
-2
-5
-6
-6
-7
-10
-12
-9
-13
-12
-7
-11
-10
-11
-12
-9
-9
-11
-7
-5
-4
-1
0
-1
0
-1
2
4
5
7
8
8
10
10
10
9
10
10
9
10
8
10
10
9
8
5
4
1
4
3
-1
1
-3
-2
-3
-7
-6
-8
-9
-9
-7
-8
-9
-8
-9
-9
-10
-10
-9
-9
-6
-3
-3
-4
-3
-2
-1
-1
0
2
3
4
8
6
6
8
7
9
8
6
9
9
9
11
8
6
7
5
6
5
4
3
3
1
-1
0
-4
-4
-3
-6
-6
-6
-6
-7
-7
-8
-9
-10
-10
-9
-7
-8
-7
-4
-7
-5
-5
-5
-2
-1
-1
1
1
3
5
5
5
4
7
5
7
9
7
11
9
9
9
6
6
6
6
6
6
2
3
3
1
-1
-4
-2
-4
-4
-4
-5
-6
-8
-7
-7
-11
-10
-8
-9
-5
-6
-9
-4
-6
-6
-3
-5
-3
-2
0
2
0
2
4
5
4
4
6
5
7
9
11
8
6
9
5
8
8
3
7
6
5
4
3
2
0
0
-3
-2
-6
-6
-2
-4
-5
-7
-8
-8
-10
-7
-8
-7
-7
-6
-4
-9
-6
-5
-4
-3
-3
-1
-1
2
3
2
4
3
3
6
6
8
8
6
10
8
6
7
6
6
6
7
7
3
4
5
1
-1
-1
-1
-3
-2
-4
-5
-4
-5
-7
-5
-8
-9
-6
-8
-7
-6
-7
-7
-5
-7
-6
-5
-4
-2
0
-1
0
2
1
3
4
3
3
5
9
7
6
7
8
7
5
7
6
5
8
6
7
3
3
4
2
1
0
0
-3
-1
-1
-4
-4
-6
-7
-5
-8
-8
-7
-6
-5
-7
-6
-7
-9
-6
-5
-4
-4
-2
-3
-2
2
1
-1
1
3
3
3
7
6
6
7
7
5
6
5
5
8
7
5
6
5
4
5
2
1
3
1
0
2
-1
-3
-1
-3
-4
-6
-7
-5
-5
-4
-5
-5
-7
-7
-7
-5
-6
-6
-2
-4
-4
-3
-2
-1
-1
-1
0
1
3
4
3
5
6
4
3
6
5
3
8
8
6
7
7
6
5
4
5
2
2
5
2
1
4
-2
-2
-2
-3
-5
-4
-5
-4
-3
-5
-6
-7
-6
-7
-6
-5
-6
-4
-5
-3
-3
-4
-3
-2
0
-1
0
2
1
4
3
4
2
3
5
6
6
6
7
7
6
5
6
4
3
6
4
5
3
2
4
1
0
0
-2
-1
-2
-1
-1
-6
-2
-3
-6
-5
-5
-8
-7
-4
-6
-4
-4
-5
-4
-5
-4
-4
-3
-1
1
0
0
4
0
2
3
2
6
2
5
6
4
7
5
6
6
3
5
5
2
5
6
3
3
2
1
-2
-1
1
-1
-2
1
-3
-4
-2
-4
-4
-5
-7
-3
-5
-6
-3
-3
-6
-5
-3
-4
-7
-3
-1
-2
0
1
-1
0
1
0
2
2
3
4
4
5
3
4
6
4
3
5
4
5
5
5
5
3
2
2
1
0
0
1
0
0
0
-2
-3
-4
-3
-3
-4
-3
-2
-4
-5
-5
-3
-6
-5
-3
-3
-3
-3
-3
0
-1
-2
0
-1
-1
0
1
3
2
1
5
3
2
3
4
4
2
6
5
3
4
3
3
4
3
2
2
2
2
1
2
0
0
-2
-3
-2
-3
-4
-3
-1
-5
-3
-5
-5
-4
-5
-3
-2
-4
-3
-2
-3
-4
-1
-3
-2
0
-1
-1
0
3
3
1
4
2
1
2
4
6
3
4
5
4
2
3
4
3
2
3
2
2
2
1
2
0
-1
-1
-1
-1
-3
-3
-1
-2
-4
-3
-3
-4
-3
-4
-2
-3
-5
-2
-2
-2
-2
-2
-2
-2
0
0
0
1
0
1
1
2
2
2
3
4
4
3
4
3
4
4
2
5
3
2
5
4
1
0
1
1
0
0
0
0
-1
-1
-2
-3
-2
-2
-4
-3
-3
-4
-4
-3
-2
-4
-2
-3
-5
-2
-1
-3
0
0
0
-2
0
0
-1
2
2
0
2
2
2
1
4
3
2
2
4
1
3
5
2
2
3
1
0
0
2
1
-1
1
-1
-3
1
0
-3
-2
-1
-4
-3
-1
-2
-2
-2
-4
-4
-3
-3
-4
-1
-2
-4
0
-2
-2
0
1
2
0
1
2
1
1
2
4
2
0
1
2
2
3
4
4
4
1
0
2
4
1
2
3
0
-1
-1
1
1
-2
1
-2
-3
-3
-2
0
-1
-2
-3
-2
-4
-4
-2
0
0
-3
-3
-3
-4
-2
-2
1
-1
-1
0
-1
1
1
2
4
1
1
4
0
2
5
3
3
3
1
2
1
2
2
4
2
1
1
0
2
0
-1
2
-4
-1
0
-5
-1
-2
-4
-2
-4
-3
0
-4
-4
0
-3
-3
-2
-2
-1
-2
-2
0
0
-1
0
1
1
0
3
3
1
2
3
5
2
4
6
2
3
1
4
3
0
3
3
0
0
1
0
0
-1
2
-2
-3
-1
-1
-2
-3
-1
-4
-4
-3
-6
-3
-1
-3
-3
-2
-4
-3
-1
-1
0
0
-1
1
-1
1
2
0
4
2
0
3
3
4
3
5
3
1
2
3
3
4
3
2
1
1
0
-1
2
2
-2
-2
0
-3
-3
0
0
-4
-4
-2
-5
-4
-1
-2
-2
-4
-3
-2
-4
-2
2
-2
-2
0
0
-3
2
5
1
1
3
2
0
3
6
3
2
3
1
4
-1
3
6
2
0
2
3
-1
1
2
0
-1
-1
-1
-2
0
-1
-4
-2
-3
-4
-2
-2
-1
-4
-3
-2
-2
-3
-1
0
-3
-2
0
-1
-1
2
1
0
0
0
0
3
3
3
2
3
3
1
3
5
2
2
2
1
1
1
2
1
1
-1
-1
0
-1
-1
2
0
-3
-2
-2
-2
-1
-1
-1
-2
-4
-3
-2
-2
-1
-1
-2
-3
-2
-1
1
1
1
1
-2
1
0
0
4
2
2
0
0
0
0
3
3
2
4
1
0
1
3
3
2
1
1
-1
-1
1
-1
0
0
0
-3
-3
1
-2
-3
1
-1
-2
-1
-2
-3
-2
0
-1
-2
-2
-1
-1
-1
0
0
0
1
1
1
1
1
2
0
2
3
3
1
2
1
1
1
3
3
1
1
1
0
0
2
2
-1
0
2
-2
-2
0
-1
-2
-1
-2
-3
-1
-2
-2
-1
1
-1
-2
-1
-3
0
0
-1
1
-1
-1
1
0
0
1
1
1
2
1
2
2
2
2
3
3
0
3
2
-2
2
4
0
1
2
-1
-2
0
-2
0
0
-1
1
-2
-3
-3
-1
-1
-2
-1
0
-5
-2
-1
-2
-2
2
0
-3
-1
-1
1
0
2
2
1
-1
-1
3
1
0
3
3
-1
2
0
2
4
0
2
2
0
0
0
2
1
-1
0
1
0
-2
0
0
-2
0
-1
-1
0
-3
-1
-1
-3
0
-1
-1
-1
-2
-1
0
-1
-1
1
0
1
1
0
0
1
1
-1
1
3
0
-1
3
1
1
1
1
2
-1
0
1
-1
0
0
1
-2
1
1
-2
0
0
-2
0
-1
-1
-1
-2
0
-1
-2
1
0
-1
-1
-1
0
1
0
-3
2
0
0
-1
-1
4
-1
-1
4
-1
0
1
0
1
1
0
0
0
2
-1
1
2
0
-1
0
1
1
-1
2
0
-1
-1
0
0
-1
0
-1
-1
1
-2
-1
1
1
0
-2
0
0
0
0
0
3
-1
-1
2
-1
1
-1
1
2
0
-1
-1
3
-1
1
3
0
0
-1
0
1
1
1
0
2
-1
-2
1
1
0
1
0
0
0
-2
1
0
-1
1
-1
-2
-1
-1
1
0
0
0
-1
0
0
1
1
0
0
1
-2
1
0
-1
2
0
-1
0
0
1
2
1
-1
0
1
-1
1
3
0
-2
2
-2
0
1
-1
4
-1
-3
1
-2
0
0
1
0
-2
0
-1
0
2
0
0
0
-1
-2
0
0
1
2
-1
-1
2
-2
-2
2
2
0
0
1
-1
1
2
-1
1
3
0
-1
-1
1
0
-1
1
1
0
-1
2
0
-1
3
0
-1
0
0
0
0
-2
0
2
-2
-1
1
-2
0
1
-2
1
2
-1
-1
3
1
-1
1
-1
-1
1
0
-3
1
2
-3
-1
4
-2
0
3
-1
1
1
1
2
-1
1
0
-2
0
-1
0
0
0
0
-1
1
-1
2
2
-1
1
2
-2
1
2
-2
-1
1
0
-1
-2
0
-1
0
0
-2
1
2
0
0
1
1
0
0
0
1
-1
-1
-1
-2
-1
1
-1
-1
0
0
1
0
2
1
1
3
-2
0
2
-1
-1
-1
-1
0
-3
1
0
-1
2
0
0
2
2
1
0
2
0
-1
-1
0
-1
-1
0
-2
-2
0
0
0
2
1
1
1
0
1
3
1
-1
0
1
-2
-2
-1
0
0
-2
-1
-1
-2
4
2
-1
3
2
0
-1
2
1
-1
1
-3
-3
1
-1
-2
0
1
0
1
-1
-1
6
2
0
1
1
0
-1
-2
0
1
-2
-2
-3
-1
1
0
0
1
4
1
-1
0
3
2
0
1
-1
0
-2
-2
-1
0
0
0
0
-3
0
3
0
1
4
2
-1
1
-2
0
2
-2
0
0
-3
-1
-2
0
1
2
0
-1
1
1
1
1
1
2
0
-3
0
0
-2
-1
0
-1
0
-1
-1
1
1
1
0
1
2
-1
1
2
0
-2
-1
-1
-3
0
0
-1
0
-1
0
1
1
2
1
1
1
-1
1
2
0
-2
0
-1
-2
0
-1
1
1
-3
-1
0
2
2
0
0
0
-1
0
1
0
1
1
-3
-2
-1
-1
2
1
0
-1
-1
0
-1
1
3
2
-1
-1
-1
2
0
-1
3
0
-1
-1
-2
1
0
1
0
0
2
-2
-1
1
0
2
1
-1
1
-1
-1
-1
-1
0
1
0
-1
1
0
-2
0
0
1
1
1
-2
-2
1
-1
-1
2
1
-1
1
-2
0
1
1
0
-1
2
-1
0
1
-1
4
-2
-2
1
-2
2
1
-1
-1
0
-1
-1
1
0
0
3
-1
-2
1
0
0
1
1
-1
1
-2
-2
2
0
-1
1
-2
-1
0
0
1
0
1
2
0
-1
-1
2
1
-1
-1
1
0
-3
0
2
1
-1
0
1
-2
0
0
1
2
1
-1
0
-1
0
1
-1
2
1
-2
-1
-1
0
2
1
0
0
-1
0
0
0
2
1
-1
-1
-1
0
0
0
1
-1
0
0
-1
-1
1
1
-1
-1
0
2
-1
-1
0
-1
0
-1
-1
1
2
-2
-3
0
0
0
2
0
0
0
-2
-1
-1
1
1
-1
-1
0
0
-2
1
-1
0
2
-1
0
1
-1
1
0
1
0
1
1
-2
-1
0
-1
0
-1
2
1
-1
0
-1
1
2
0
1
1
0
0
-4
1
0
0
1
0
0
-1
0
0
0
3
-1
1
1
-2
0
1
2
0
0
0
-2
-2
-1
2
1
-2
-1
0
-2
-1
3
2
1
1
-2
-2
-1
3
0
1
4
-3
-2
0
-3
2
1
-1
3
0
-1
-2
0
2
0
1
2
1
0
-1
-2
-1
0
-1
1
1
0
1
-3
-1
0
0
1
3
1
-1
-2
0
-1
-1
1
1
0
0
-1
-2
-3
1
2
-2
1
4
-1
-2
0
1
0
1
0
1
-1
-1
-1
-1
1
2
-1
0
1
-3
1
1
-1
-1
1
1
-1
0
1
0
-1
-1
0
-1
2
0
-1
1
1
-1
0
0
0
2
0
0
0
0
-1
-1
-1
0
2
-1
0
0
-1
0
-2
1
2
0
1
1
-2
-2
-1
-1
0
1
0
-1
0
-1
-1
1
2
0
0
2
-1
0
1
0
0
-1
-1
-1
-1
1
-1
-4
1
2
-1
-1
2
1
0
0
0
1
-1
0
1
-3
-2
0
-3
0
1
-2
0
1
0
-1
1
2
2
-2
1
1
-1
0
0
-3
-1
1
-2
-2
3
0
-2
1
-1
1
2
1
1
1
0
-1
-1
2
-1
2
0
-3
-2
0
-1
-1
2
2
0
3
-1
-1
2
1
1
0
-1
0
-2
-1
-2
0
3
-4
1
1
-3
1
1
1
2
3
1
-1
0
1
0
-1
0
1
-1
-3
1
-2
-2
0
0
2
1
0
3
2
-1
-2
2
1
-1
2
1
-2
-3
-2
-1
0
1
2
1
-1
0
-1
-1
3
2
1
2
0
-3
-2
-1
-1
0
-1
1
0
-3
-1
1
1
-1
2
3
2
0
-1
1
-1
-1
0
2
1
-1
-2
-2
0
2
0
-1
3
2
-3
0
2
2
2
-2
-1
0
-1
-1
-1
0
-1
-2
-3
-1
-1
1
3
1
2
-1
0
1
0
2
2
-1
-1
-2
-3
1
-1
-1
2
0
-2
1
-2
0
3
-1
1
0
0
0
-2
-2
0
-1
-2
0
0
0
1
-1
0
1
-1
2
1
2
2
-1
1
1
-1
-1
1
2
-2
-2
-1
0
0
-2
1
1
0
-1
-1
1
1
0
0
-1
0
0
-2
0
2
-2
-3
1
0
-1
3
1
0
1
1
1
1
1
2
-1
-1
1
-4
-2
1
-2
0
-2
-2
1
-1
0
1
1
-1
1
2
1
-1
0
0
-1
-1
-2
1
0
1
-1
-2
2
0
1
1
2
1
-1
0
-2
-1
2
-1
-1
-1
-2
-1
-1
-2
-1
0
2
0
-1
2
1
-1
0
2
2
2
0
-1
-1
-1
-2
2
1
-1
1
-1
-3
0
1
-1
3
2
-1
-1
-2
0
1
-1
-2
-2
0
-2
-3
0
2
2
-2
-1
1
2
3
0
1
2
0
0
-2
2
1
-3
-1
-2
0
0
-1
0
-1
1
0
-1
2
0
0
-2
0
0
-2
3
1
-1
0
-4
-1
1
1
2
1
3
0
-3
1
3
3
0
0
1
-2
-2
-2
-1
0
-2
-1
-1
-3
0
0
-1
1
1
-1
0
-1
1
2
0
0
0
-1
0
0
1
0
0
1
1
1
-1
2
1
-1
0
-1
3
0
-3
0
-2
-5
-1
-1
-1
1
1
-1
-2
-1
1
0
1
3
2
1
-2
0
2
-1
1
1
1
0
-1
0
0
0
-1
0
1
-1
1
0
-3
1
-3
-4
2
0
1
-3
-1
2
-2
-3
0
3
0
2
2
1
0
0
0
-1
1
3
2
1
-1
-3
-1
-3
-1
1
2
3
-2
-4
-2
-3
0
2
1
2
0
-2
-3
-3
-1
2
2
0
2
1
-1
-2
0
2
3
0
3
3
-1
0
-1
-3
1
0
-1
0
0
-3
-1
-3
-3
2
-1
1
1
-1
0
-1
0
1
1
2
1
2
0
-1
1
0
0
1
1
0
1
-1
0
-1
-1
1
-1
2
0
-2
-1
-2
-2
0
-2
0
-1
-1
-2
-1
2
0
0
2
1
-1
0
1
1
2
0
2
-2
-1
3
-2
1
-1
1
-1
-2
2
0
1
0
0
2
0
0
-1
0
-1
-2
0
-1
-1
0
-2
1
0
-1
2
3
0
1
2
1
0
0
3
2
-3
0
0
-2
0
0
-1
-2
1
1
-1
1
0
-1
0
0
0
1
1
-1
-2
-2
1
1
-2
1
0
0
0
-2
2
1
0
2
0
3
2
-1
1
-2
0
1
-2
1
1
-2
-3
-1
-2
-2
1
3
3
0
0
0
1
-2
1
3
1
1
-2
-3
-1
0
-2
-1
3
2
-1
-2
0
2
0
1
2
2
1
-1
-1
-1
-1
-2
0
-1
-2
-1
-1
-1
-1
2
0
0
3
0
1
2
2
1
-1
-2
-1
-1
-1
0
0
0
0
-1
-3
0
3
2
3
1
1
0
-2
0
0
2
0
-4
-1
-2
-2
0
2
1
-2
0
0
0
2
3
3
0
0
0
0
-1
0
-1
-1
0
-1
-2
-1
1
0
1
2
0
2
1
-2
1
2
-2
0
0
-2
-1
-2
0
0
-1
0
1
1
1
2
2
2
3
0
-1
3
0
0
1
-4
-1
1
-5
0
3
0
1
-1
-1
3
-1
0
0
0
2
-1
-2
1
-2
0
-1
-2
4
0
0
1
-1
0
2
2
-1
1
2
0
-2
-1
1
-2
-1
-2
-2
2
-1
-3
1
0
-1
-1
2
1
-1
0
0
-1
0
1
1
0
0
0
0
-1
-1
2
4
1
0
2
1
-3
0
3
0
1
0
-3
0
-1
-3
0
1
1
-1
-3
-1
1
0
0
1
2
0
0
0
1
2
0
-1
1
1
0
0
1
0
0
-1
0
1
0
-2
1
-1
-3
0
0
-3
0
1
-2
0
-1
-1
2
-4
1
2
-1
3
0
1
3
1
-1
1
3
1
-2
-2
1
0
0
-1
0
-1
0
0
-2
2
1
-2
-1
0
0
0
-1
-1
-1
-1
-1
0
-2
-1
1
-1
-1
3
1
0
0
2
1
-1
4
2
-1
-1
-1
-1
-2
2
0
-2
-1
0
-3
0
1
2
1
-2
1
0
-3
1
2
0
-1
1
0
-2
1
-1
1
1
0
0
-1
1
-1
-2
2
0
0
0
0
-1
-3
0
0
0
2
-1
-1
-1
0
0
-1
1
2
0
-2
-1
0
0
1
0
0
1
1
-1
-1
3
1
-2
0
0
0
-3
1
1
-2
-1
-1
-1
-1
2
3
0
0
1
-1
1
3
4
0
-2
0
-1
-3
0
3
-1
-1
-2
-2
-1
1
-1
0
3
0
1
-1
-1
2
-1
0
1
0
-4
0
3
-3
-4
3
2
-2
1
2
1
2
0
-3
1
1
-2
1
0
-1
-1
-4
-3
-3
-1
2
1
1
-2
-1
0
0
0
2
4
5
-1
-3
2
0
-2
1
-1
0
1
-4
-1
2
-1
-1
0
-1
0
2
2
0
-1
-2
-1
-1
-1
1
0
0
0
-4
-2
-1
0
2
4
1
1
3
2
-1
1
4
0
1
0
-4
-2
-2
-1
-3
-2
1
-3
-3
-1
-2
2
1
1
2
0
0
-2
2
1
1
4
-1
0
-1
-4
0
1
-1
1
2
0
-1
-2
2
1
2
2
0
0
-2
-3
-1
0
-2
-2
0
-3
-3
0
-2
-1
3
1
0
0
1
1
2
3
0
2
2
0
-1
0
0
-3
1
0
-3
-1
-2
-2
-1
1
1
1
1
-2
-1
1
0
1
1
2
1
-2
-2
0
1
-2
-2
2
-1
-2
3
0
0
2
-2
0
3
2
0
2
2
-3
-4
0
-2
-2
0
-1
-2
-2
-1
-2
0
2
0
1
2
2
1
2
2
-3
-1
-1
-4
1
-1
-1
-1
-2
-1
-3
0
2
1
2
3
3
0
0
1
-1
1
1
0
2
-2
-3
-1
-6
-2
2
1
0
1
-1
-1
0
1
2
2
1
0
0
1
-1
0
-2
-3
-1
0
-1
2
3
-2
-3
-1
3
2
2
3
0
-1
0
0
-1
2
1
-3
-1
-1
1
-1
-2
-1
-1
2
-2
2
3
-2
0
2
-1
2
3
3
0
-2
2
0
-1
0
0
-1
-1
0
-2
1
0
1
-1
-1
2
1
0
0
1
1
-1
1
-1
-2
-2
-3
1
-1
-1
2
0
-1
1
2
-1
4
4
0
2
0
1
1
-3
-1
0
-3
0
0
-2
-1
-2
-1
-1
0
5
2
0
0
-2
0
1
1
0
-1
-1
-2
-4
-2
0
-1
1
0
-1
2
2
-1
1
4
1
3
1
-2
3
1
-3
0
-3
-2
-1
-2
-2
-1
2
-1
-2
-2
2
1
0
2
2
1
-1
0
1
1
-1
0
1
-1
-2
1
0
-1
-1
-1
1
2
2
1
0
0
-1
-1
-1
2
2
0
0
-1
-2
-1
-2
-1
2
-1
0
-1
-2
0
-2
2
2
-3
3
2
-2
0
1
1
0
0
1
1
0
-2
0
1
-3
-1
-1
-1
3
-1
0
1
1
2
2
1
0
3
-1
-1
0
-2
-1
-6
-5
0
-2
-1
-2
2
2
-3
5
4
1
2
4
3
0
-3
0
3
-4
-5
0
-2
-4
-3
0
0
0
2
3
2
3
3
1
1
0
0
1
-3
-4
-4
-5
-6
-5
-1
0
-2
1
6
3
2
5
6
5
4
3
2
0
-2
-5
-6
-4
-4
-3
-2
-3
-1
0
2
2
1
5
5
4
1
4
3
-6
-4
-3
-6
-3
-2
-2
-2
-4
-2
0
1
3
6
9
4
4
3
1
1
-2
-1
-1
-4
-4
-4
-3
-6
-6
-1
0
1
2
5
5
1
5
2
3
3
-2
-1
1
-2
-2
-3
-4
-3
-3
-2
1
2
3
2
3
3
3
2
1
2
0
-2
0
-2
-5
-2
-4
-6
-4
-4
0
1
2
3
1
4
3
1
4
5
3
2
2
-4
-4
-1
-5
-4
-2
-1
0
-1
-1
0
1
2
0
2
4
3
2
0
-1
-1
-3
-4
-2
-3
-2
-1
-1
-1
-1
1
1
4
4
3
3
4
2
-2
0
1
-3
-3
-4
-3
-3
-3
-2
-2
1
0
0
1
3
1
1
4
1
3
2
-3
-1
-1
-4
-3
-1
0
0
0
0
0
2
2
3
5
1
3
1
-2
0
0
0
-2
-5
-3
0
0
-3
-1
0
0
1
-2
2
4
1
1
0
2
1
0
-1
-5
-2
0
0
2
-2
1
2
-2
-2
2
6
3
1
0
1
2
-3
-2
0
-3
-2
-2
0
1
-2
-2
-1
0
0
0
2
5
2
-1
1
2
0
-3
1
3
1
1
0
-1
-2
-2
-1
3
2
2
1
0
0
-2
-4
1
1
-1
1
-2
0
1
-4
-3
0
2
1
-1
-1
3
2
-1
2
1
0
1
0
2
3
1
3
0
-3
0
-1
0
2
0
1
-2
0
0
-5
0
2
-1
-2
0
1
0
0
-2
-2
-1
1
0
1
3
2
0
1
0
1
-1
1
2
1
2
1
-2
-2
-3
-1
2
3
4
2
-1
-2
-3
0
2
1
-1
0
0
-7
-4
-1
-1
1
-2
-2
1
0
0
3
4
5
3
1
2
2
-1
1
0
-2
2
-2
-4
-3
-4
-1
-1
0
3
3
2
2
2
2
2
0
-1
1
-2
-6
-2
-3
-4
-3
-6
-3
1
1
4
4
7
4
4
4
2
4
2
2
-1
-5
-3
-5
-7
-7
-4
1
0
1
2
3
3
6
5
6
5
2
-1
-4
-3
-3
-4
-5
-7
-7
-5
-5
-1
2
3
5
3
4
9
5
6
6
1
0
-1
-3
-5
-3
-3
-8
-6
-1
0
-1
1
4
5
5
4
5
6
1
1
-1
-3
-2
-6
-5
-7
-8
-6
-3
-2
0
3
2
4
6
7
8
5
4
4
2
0
0
-2
-4
-4
-6
-5
-2
-2
0
0
2
0
3
3
2
1
2
1
-1
-2
-3
-3
-4
-4
-4
-4
-1
-1
-1
3
4
4
5
4
3
2
4
4
3
2
0
-2
-4
-3
-2
-1
-1
-2
-3
-1
-2
-2
0
2
1
-1
-3
-2
1
-1
0
0
0
0
-1
-1
1
3
4
1
2
3
1
2
0
1
0
-1
1
0
2
-1
-3
0
-2
-2
2
0
0
1
-2
0
0
-2
0
0
1
-3
-1
3
-1
-1
1
1
2
1
2
2
2
1
-1
0
1
0
-1
-3
-1
2
2
-2
-2
1
0
-3
1
1
2
4
0
-3
1
2
-2
1
0
-2
0
-1
-3
0
2
-1
-2
-2
2
1
-1
2
1
-1
1
1
-2
1
2
0
0
2
-1
-1
0
-3
1
1
0
2
-2
-1
0
-1
2
1
3
0
-1
0
0
2
1
0
-2
-3
-4
-1
1
1
2
-1
-1
-2
-1
0
4
4
1
2
0
-1
-2
0
-2
-3
1
1
-2
-1
1
-1
-2
-1
1
4
2
3
4
1
-2
1
-1
-1
-3
-2
1
-2
-3
-3
-3
0
-1
-1
3
2
2
1
2
2
3
2
-1
0
-1
-4
-1
2
-1
-2
0
-2
-2
2
0
0
4
2
0
2
1
0
0
-4
-1
-2
-2
1
-2
-3
-1
-2
-3
0
2
3
4
2
2
2
4
1
-1
0
-2
2
0
-2
-1
-1
-2
-4
-1
1
-1
2
-1
-1
2
1
1
0
-2
0
3
0
-2
0
2
0
-3
0
1
0
-1
0
0
-1
1
1
-2
-2
1
0
0
-1
1
1
-1
-1
1
1
0
1
-1
-2
1
0
0
-2
-1
0
0
2
3
0
-1
1
0
1
2
2
0
0
-2
-6
-5
-1
-3
-4
-2
-2
-1
0
0
-1
2
4
2
6
5
3
4
1
0
-1
0
-2
-3
-4
-3
1
-2
-3
0
-1
-2
2
5
6
7
4
-1
-1
-4
-4
-2
-2
-2
-4
-8
-5
-4
-4
-2
0
5
5
7
9
6
7
5
0
2
2
-1
-1
-3
-5
-8
-6
-6
-7
-2
1
0
2
4
4
5
4
4
4
2
1
-2
-5
-3
-5
-7
-6
-6
-5
-2
-3
0
4
6
7
6
6
9
3
2
3
2
0
-3
-5
-3
-9
-9
-5
-4
-2
-3
-1
1
2
3
3
6
5
3
0
-1
3
-3
-6
-3
-5
-5
-5
-3
1
2
-1
2
6
4
5
5
6
8
3
0
1
-1
-3
-4
-5
-3
-3
-6
-5
-3
-5
-4
3
3
1
5
3
4
1
0
2
1
-1
1
0
-2
-1
0
-4
-1
2
2
3
4
2
3
3
0
-1
1
2
-3
-2
-1
-1
-3
-4
-3
-3
-1
-1
-1
2
0
2
1
0
1
1
3
2
1
1
-2
2
0
-2
2
1
2
2
-1
1
0
0
0
-3
3
-1
-3
0
-1
-2
-1
-1
0
-1
1
1
1
1
0
2
1
0
3
0
-1
0
1
-1
-1
-2
-2
-2
1
1
2
4
2
-1
-2
-1
2
2
3
1
0
-1
-5
-2
1
0
1
0
0
0
0
-2
-3
4
2
0
2
2
1
-2
-1
-1
0
-1
1
-1
-4
-1
0
1
-1
-1
1
-1
1
1
1
3
3
1
-2
-1
3
3
0
0
-1
-3
0
-2
0
1
-1
-1
-1
-3
0
1
0
-1
0
-1
0
0
1
0
-1
-1
1
0
0
1
0
2
1
0
0
3
1
-1
0
1
4
1
-1
3
-1
0
2
-1
0
0
-4
-2
0
-2
-1
-2
-3
0
-3
1
3
-1
1
2
0
-3
3
2
0
0
0
-1
1
1
-1
-1
0
2
0
-1
2
2
0
0
0
0
0
1
-2
-3
1
0
-2
-1
-1
-1
-1
-1
2
-2
0
1
-2
0
-2
4
0
-2
1
0
2
3
1
3
3
2
1
0
-1
2
2
-2
-1
2
0
-3
-2
-3
0
0
1
1
1
-1
1
0
-2
-1
1
-2
-1
-3
-4
-1
-1
-1
-1
-1
2
1
1
2
1
6
4
1
0
0
1
0
1
-2
-2
-1
-2
-3
-1
1
1
0
0
-1
1
2
0
-2
-2
-1
-4
-5
1
-2
-2
1
-1
0
1
1
3
5
4
5
4
3
3
2
0
-2
1
0
-1
1
-1
-3
-2
-1
1
1
1
0
1
1
-3
-1
0
-3
-4
-3
-2
0
-1
-2
0
2
-1
0
3
3
5
4
5
5
3
1
0
0
2
0
-2
-1
-1
-3
-6
-3
-5
-4
-4
-4
2
0
0
2
-1
-3
0
1
0
1
2
2
1
-3
-2
-1
-2
-3
3
5
3
3
5
5
0
1
4
3
2
1
2
-1
-4
-5
-7
-6
-7
-5
0
-1
1
2
4
4
3
5
7
7
7
4
5
1
0
-2
-6
-6
-5
-5
-4
-2
1
1
0
1
3
5
4
6
5
4
3
-3
-1
-3
-7
-7
-8
-6
-4
-3
-2
-1
3
0
1
4
3
5
6
3
2
1
-2
-5
-6
-8
-8
-4
-3
-3
-1
-1
0
0
2
4
5
5
6
3
2
2
-3
-2
-3
-6
-2
-2
-4
-2
-3
1
2
1
5
5
5
7
4
2
3
5
2
-3
0
-2
-4
-2
-2
-2
1
0
-1
1
0
-1
1
2
0
-1
4
3
0
-1
-2
-2
-1
-2
-1
3
2
-1
-2
0
-2
-2
-2
-2
1
-2
-2
-2
-4
-2
-4
-4
-3
-4
0
3
-2
-2
1
-1
-5
-3
2
0
1
0
-1
1
-2
1
-2
0
2
2
3
2
1
1
2
1
1
0
0
2
0
-1
1
3
3
0
0
1
2
3
4
6
3
4
3
-1
2
3
2
2
2
-1
-1
0
-1
0
0
1
2
0
1
2
1
5
3
1
0
0
-1
-2
-1
-4
-4
-5
-7
-8
-6
-4
-6
-5
-4
-4
1
1
1
3
-1
1
1
-1
-1
2
3
-2
-4
-4
-5
-3
-3
1
2
0
3
4
1
1
2
4
4
0
2
1
-3
-2
-5
-5
-3
-4
-1
0
1
6
6
7
8
8
12
10
9
10
7
5
1
-3
-3
-4
-3
-5
-5
-3
-3
-2
-1
-1
2
3
3
4
4
0
2
0
-4
-3
-6
-7
-5
-8
-7
-4
-3
-2
-1
-2
0
3
1
1
1
1
-2
-3
-5
-6
-4
-9
-10
-6
-6
-3
0
-1
0
2
1
2
6
7
5
3
0
1
0
-4
-4
-4
-5
-3
0
1
0
3
1
-2
5
8
6
7
6
5
5
3
2
3
1
2
1
2
5
5
5
4
1
3
3
6
4
1
-1
1
0
-6
-3
-1
-4
-6
-3
-1
0
0
-1
1
1
2
3
0
3
2
-1
-2
0
-1
-4
-3
-6
-3
-2
-5
-2
1
-1
-2
-3
-1
1
-1
-1
-2
-5
-3
-4
-4
-4
0
-4
-6
-2
-4
0
5
3
3
1
1
2
3
4
4
2
1
0
1
1
2
4
0
-1
2
4
5
5
4
4
3
4
4
4
5
5
1
2
4
3
2
0
-2
3
-1
-2
5
4
2
1
1
1
0
1
2
2
5
4
1
0
-1
-2
-4
-1
1
-2
-2
-2
-8
-5
-4
-6
-4
-2
-2
-3
-6
-3
-2
-3
-3
-2
-2
-4
-6
-5
-5
-3
-4
-4
-5
-5
-3
-5
3
2
2
5
-1
3
7
2
0
1
2
-1
0
-1
-1
1
-3
-3
-1
-3
2
4
2
3
6
5
6
5
3
3
2
3
3
4
4
0
1
-2
-3
1
4
5
1
4
2
1
3
-1
-1
-2
-1
-2
-4
-4
-2
-4
-7
-6
-7
-7
-4
-3
-2
1
2
1
0
0
1
3
3
1
4
2
-1
-1
-4
-4
-7
-5
-2
-5
-4
0
0
-1
-1
4
5
2
3
3
1
3
2
2
4
1
-4
-7
-3
-2
0
6
6
5
5
2
1
5
6
5
5
3
-1
-4
-3
-5
-9
-7
-6
-7
-5
-3
-1
3
2
1
5
4
2
3
4
3
1
1
-2
-6
-8
-12
-9
-4
-3
-3
0
0
0
3
3
1
4
6
5
4
3
2
-2
-5
-6
-5
-1
0
0
-1
-1
3
2
6
8
8
7
3
3
6
6
6
3
-2
-2
-5
-5
-3
1
-1
1
3
0
1
5
2
0
5
3
4
3
-1
-3
-5
-3
-3
-4
-4
-3
-5
-5
0
2
3
1
1
2
0
0
3
0
-1
-1
-3
-2
-5
-6
-7
-9
-2
-1
-2
-3
-2
-2
-2
-2
-3
-1
1
-3
0
-2
-3
-1
-2
-1
-2
0
2
3
2
2
3
3
3
2
1
0
-2
-1
-1
-1
1
1
-1
-2
-1
-2
2
5
1
4
4
3
3
0
1
0
1
4
3
4
2
2
4
3
5
8
7
5
3
5
7
4
2
1
-1
-1
0
-3
-4
-1
-3
-2
0
-1
-1
1
-1
0
-3
-5
-1
0
-4
-6
-4
-4
-6
-8
-7
-5
-7
-5
-6
-3
-1
-5
-6
-7
-9
-6
-2
-3
-5
-6
-7
-9
-5
-8
-9
-4
-3
-6
-1
-1
-3
-1
-2
-1
1
3
2
1
5
6
3
3
5
5
2
9
8
2
7
7
7
6
5
7
6
7
8
9
12
8
9
7
8
12
7
6
9
7
7
4
2
4
4
1
1
4
3
4
3
0
5
1
-1
2
1
-1
-1
-1
-5
-8
-3
-1
-5
-7
-5
-7
-8
-3
-2
-2
-1
-5
-5
-4
-4
-4
-4
-1
-1
-4
-9
-8
-5
-5
-3
-4
-4
-1
-3
-3
-1
1
2
-1
0
0
-1
1
0
-1
-2
1
3
-2
1
0
-1
5
3
0
2
3
3
4
1
3
4
0
0
1
-1
1
2
0
0
4
3
-1
3
2
2
4
4
2
1
-2
0
0
-1
0
-3
-1
2
-2
-1
0
1
-2
-2
1
2
1
2
-2
-3
-4
-3
0
-3
-3
1
-1
-4
-3
-4
-3
-3
-3
2
1
-3
-3
-2
-1
-1
0
-1
-1
0
2
1
-1
-1
-3
-5
-2
-3
-3
-4
-5
-4
-5
-2
-2
-2
0
1
2
4
6
6
5
0
1
0
-2
0
-2
-1
-2
-5
-4
-7
-3
3
5
6
7
7
7
7
4
5
4
2
2
-4
-7
-7
-11
-6
-8
-6
-1
-1
1
5
6
9
11
13
12
13
10
5
1
-1
-2
-3
-7
-9
-8
-6
-6
-4
0
2
4
6
9
10
12
13
8
2
5
4
-4
-2
-1
-8
-6
-5
-5
-1
-2
-2
5
9
7
9
12
9
12
9
5
4
2
1
-1
-4
-4
-4
-7
-6
-7
-7
-1
1
1
1
-1
0
0
2
3
-3
-3
-5
-7
-7
-8
-7
-9
-7
-10
-13
-7
-2
-5
-3
-2
-2
-1
-3
-4
-3
0
-2
-4
-6
-8
-9
-8
-7
-9
-7
-7
-10
-8
-5
-4
-4
-2
1
0
-3
-1
1
-2
-1
3
1
2
1
-4
1
2
2
6
5
6
8
7
8
7
5
6
10
9
10
8
5
8
6
6
6
5
6
5
3
4
2
2
3
1
0
3
1
-1
1
2
2
1
4
4
0
1
4
5
4
3
1
0
0
-1
-1
0
0
-1
-2
-1
-4
-4
-4
-5
-4
-2
-4
-3
-3
-6
-3
-5
-1
0
0
3
0
-1
3
3
2
4
5
0
2
5
4
4
3
-2
0
2
-1
-1
1
1
0
-2
-2
-4
-4
-1
-2
-3
-2
0
-2
-3
-5
-3
-4
-5
-4
-6
-6
-5
-5
-3
-7
-9
-4
-6
-5
-2
-2
-2
-1
1
-1
-2
-3
-3
-3
-2
-1
-1
-2
-3
-4
-3
-3
-3
-1
2
1
-1
1
3
2
1
1
1
1
2
5
4
4
2
5
3
2
7
6
7
6
7
6
3
6
5
5
4
2
3
4
0
0
1
0
-1
-2
-2
-1
0
1
-3
-3
0
3
1
0
2
1
2
4
1
4
2
-1
1
0
0
-1
-3
-2
0
1
0
-2
0
2
0
0
0
1
3
0
2
1
-1
-3
-5
-5
-3
-4
-3
-6
-1
-1
-6
-2
0
-1
1
0
2
3
1
-2
0
1
0
1
-1
0
-1
-3
1
0
0
1
-1
4
4
1
1
2
0
0
0
1
1
0
0
-1
-3
-4
0
2
1
-1
-3
0
-1
-2
-4
-2
0
0
-1
-2
0
-2
-3
-4
-1
-1
-1
2
-2
-1
-1
-5
-2
-2
-2
-1
-3
-3
-3
-2
-1
-2
-1
-1
-2
0
-2
-2
-1
0
-2
-1
1
-1
-3
0
-1
1
5
5
3
5
7
6
5
6
9
5
5
7
5
3
1
2
1
2
3
2
5
5
1
3
5
4
4
6
5
3
2
4
3
1
2
1
-1
0
2
2
1
2
1
3
3
3
1
-2
-3
-1
0
4
1
-3
-3
0
1
-1
-2
1
-1
1
-1
-2
2
-1
2
-2
-6
0
-1
-4
0
1
-1
-4
-4
-2
-1
-2
-3
-1
-1
-2
-2
-1
-3
-2
-2
-2
1
-1
0
-2
-4
-3
-3
-5
-6
-9
-8
-7
-5
-3
-2
0
-1
-4
-2
1
-1
-2
-1
-1
1
0
-5
-8
-7
-5
-7
-4
0
0
-3
0
3
0
2
3
3
3
1
2
-2
-5
-6
-8
-8
-8
-8
-4
-5
-5
1
2
2
6
6
8
10
10
8
7
11
8
3
3
0
-2
0
0
0
1
2
4
6
5
4
6
7
10
9
7
9
5
4
3
-3
-1
-2
-3
-1
-3
-2
2
3
2
6
8
9
10
9
10
8
5
2
1
-2
0
-1
-8
-10
-9
-9
-6
-6
-4
0
2
2
-2
0
-1
1
2
-1
1
-1
-5
-3
-4
-7
-3
-2
0
3
3
5
3
3
6
6
6
7
6
6
5
2
0
1
-2
-1
-2
-2
2
0
1
-1
-4
-2
-1
1
0
-2
-1
-2
1
2
1
2
1
2
5
3
-1
-1
1
-2
-5
-3
-3
-5
-8
-10
-11
-9
-10
-11
-8
-4
-6
-7
-4
-3
-4
-6
-6
-9
-7
-9
-13
-10
-11
-10
-8
-8
-9
-6
-5
-7
-1
2
-1
3
3
6
6
5
3
-1
2
1
2
6
2
-1
-2
1
6
7
9
13
16
10
11
12
10
9
7
5
4
3
-1
-1
-1
-7
-7
-2
-1
2
3
5
8
12
15
13
12
14
11
10
4
2
4
0
-2
0
-2
-3
-1
-4
-3
0
0
3
9
6
5
5
1
0
1
-4
-6
-5
-9
-10
-11
-15
-13
-12
-14
-8
0
-1
0
3
1
0
1
-1
1
1
0
-1
2
1
-4
-6
-4
-4
-1
2
2
4
4
4
5
2
4
1
-1
2
-1
-2
-3
-6
-5
-6
-6
-3
-2
-1
3
4
4
6
4
5
7
7
7
5
0
1
1
-1
0
-3
-7
-7
-4
-4
-6
-4
-3
-4
-2
-3
-5
-6
-10
-12
-11
-8
-8
-6
-8
-6
-6
-6
-2
0
-2
0
1
1
5
2
1
2
-2
1
0
-1
6
2
2
4
-1
2
6
4
5
6
6
7
4
3
4
2
3
0
1
2
4
5
5
3
2
2
3
2
4
5
7
6
5
5
6
5
5
8
6
5
5
2
2
2
3
5
5
2
2
3
2
1
1
3
2
0
5
5
5
7
4
5
7
2
1
2
2
2
-4
-2
-1
-1
-1
-6
-1
-1
-6
-6
-6
-6
-7
-8
-8
-9
-8
-6
-8
-13
-11
-7
-8
-7
-8
-9
-8
-10
-10
-6
-10
-7
-7
-12
-13
-12
-12
-10
-7
-6
-7
-4
-4
-1
0
-1
0
1
0
4
5
3
5
6
5
2
4
6
4
5
5
5
8
11
12
9
7
7
7
10
6
4
3
-1
0
-4
-7
-2
-3
-4
-1
2
4
7
5
6
7
6
8
9
9
11
10
6
0
-2
-2
-5
-8
-5
-6
-4
-2
-2
1
3
3
3
6
8
8
8
8
8
1
-2
-4
-5
-2
-4
-5
-1
-3
-3
0
4
7
9
8
8
8
7
7
7
1
-3
-9
-11
-11
-11
-13
-10
-5
-9
-5
-1
-3
-2
-5
-6
1
3
1
-1
-1
-5
-9
-9
-7
-10
-10
-7
-5
-3
-4
-3
-3
0
4
1
2
0
1
2
1
0
-5
-3
-2
-4
-1
0
0
0
-1
1
2
-1
1
2
0
1
3
3
2
3
1
0
4
4
5
9
6
5
9
9
10
10
3
-1
5
3
0
5
3
4
3
2
1
0
-1
0
2
3
3
-1
2
4
4
3
0
-1
0
2
1
-2
0
-1
-1
0
0
0
-2
0
4
0
-2
-5
-6
-5
-5
-3
-4
-6
-5
-4
-4
-3
-7
-7
-5
-6
-5
-4
-6
-7
-5
-3
-2
-4
-5
-4
-3
-3
2
5
2
1
-3
-2
0
-3
-6
-5
-5
-3
-4
-6
-5
-4
0
-2
-2
0
-1
-2
-4
-4
-3
-3
-4
-2
0
-2
-1
1
1
0
2
3
5
7
8
9
11
9
11
13
10
11
8
6
9
8
5
8
7
5
5
7
9
7
4
5
6
7
6
7
6
5
4
2
3
0
0
1
1
0
1
0
-2
-5
-5
-3
-2
-2
-1
-7
-9
-7
-8
-7
-7
-7
-5
-4
-6
-7
-9
-11
-12
-11
-8
-4
-5
-6
-9
-10
-7
-8
-9
-7
-6
-6
-9
-8
-3
-1
-3
-3
1
1
0
3
3
2
0
0
2
2
2
2
0
1
8
4
4
8
8
8
8
9
7
10
10
5
5
4
3
3
4
7
6
3
3
3
6
8
5
5
8
4
4
4
1
4
2
2
5
4
3
2
0
1
2
0
2
1
1
6
4
2
-1
1
-1
-4
-1
-2
-4
-2
-3
-3
-4
-4
-6
-2
-3
-3
-2
-1
-2
-4
-4
-3
-6
-9
-5
-1
-1
-2
-2
-4
-3
-3
-4
-1
-1
-1
-3
-1
-4
-4
-3
-6
-5
-7
-8
-6
-4
-5
-2
1
-5
-3
-2
-3
-2
-3
-2
2
3
-1
1
1
2
0
0
3
1
-1
2
4
1
-4
-3
3
1
1
5
0
0
5
3
-2
-3
-1
-1
-1
0
2
4
3
2
1
-1
-1
-1
3
1
2
5
4
3
2
2
6
0
0
0
-1
3
6
7
7
7
6
8
7
6
3
4
4
3
2
5
4
3
4
3
1
0
-1
0
1
2
3
1
0
1
-4
-1
1
-3
-3
-4
-5
-5
-4
0
1
0
5
4
4
6
4
-2
-4
-3
-6
-8
-8
-8
-7
-9
-11
-11
-13
-12
-7
-7
-8
-3
2
5
4
9
9
6
5
2
-2
-4
-6
-5
-6
-6
-7
-9
-11
-11
-10
-7
-4
-2
1
2
5
8
6
6
6
3
1
0
-2
-4
-6
-5
-6
-9
-2
2
1
5
6
7
8
4
1
6
6
7
7
6
4
6
5
4
2
1
5
6
8
8
7
12
10
11
13
6
1
0
1
-3
-5
-6
-7
-5
-6
-5
-5
-10
-10
-8
-5
-4
-2
-2
-2
-2
-3
1
-2
-5
0
-2
-5
-5
-4
-4
-5
-5
-2
-1
-3
-4
0
-2
-5
-4
-3
-2
-2
-2
0
0
-1
-2
0
0
-2
3
6
7
6
4
8
12
11
12
12
6
4
4
0
-1
2
1
0
-2
4
8
5
6
8
5
5
5
0
1
2
-1
-2
-4
-6
-5
-8
-6
-4
-6
-3
-2
-2
-2
0
0
-2
0
-1
1
3
-2
-1
0
-6
-4
-1
-5
0
0
-1
0
0
-1
-1
-1
-1
0
-2
1
2
-1
-3
-6
-4
-6
-6
-4
-9
-6
-4
-8
-6
-4
-2
-1
-6
-4
1
-6
-4
0
-4
-3
-3
-2
1
3
1
-1
2
-1
0
2
1
3
2
4
4
2
4
3
4
4
1
3
1
-2
1
1
-2
1
1
1
4
1
5
2
-1
1
-1
-1
0
-1
-3
-5
-4
0
0
-2
-1
-1
4
3
3
5
4
5
5
3
3
3
3
5
4
5
8
7
5
5
5
3
5
5
1
0
1
1
1
5
6
5
7
5
4
4
5
7
4
0
2
-1
0
3
2
0
0
2
0
0
-2
0
-1
-2
-2
-2
-1
-2
-3
-3
-2
-3
-4
-4
-3
-3
-4
-2
-3
-3
-5
-6
-4
-3
-3
-5
-2
-1
-3
-4
-4
-3
-3
-5
-6
-4
-5
-5
-2
-5
-4
-1
-5
-5
-3
-3
-3
-4
-3
-3
-7
-7
-4
-7
-6
-2
-4
-3
-3
-7
-10
-6
-6
-8
-3
-3
-3
-4
-1
1
2
4
3
1
4
3
2
2
1
0
-1
1
2
1
5
7
9
4
3
6
6
7
6
9
10
10
5
1
3
6
6
5
7
6
1
5
6
2
2
4
5
6
6
1
2
-2
-4
2
0
0
4
3
1
-1
-1
2
2
0
2
4
4
0
2
4
3
-2
-2
-2
-5
-2
-3
0
2
1
3
4
4
-2
-2
1
0
-1
-2
1
-1
-6
-5
-3
-2
-2
-4
-3
0
-2
-4
0
2
1
1
5
3
3
2
0
1
-5
-10
-6
-9
-7
-6
-4
0
2
2
3
8
8
5
5
6
7
5
2
0
-5
-6
-7
-13
-15
-15
-8
-7
-6
-2
0
1
2
7
9
9
8
6
8
6
4
3
0
-2
-8
-9
-10
-11
-8
-10
-6
-2
1
3
4
7
13
10
11
9
2
2
-2
-10
-12
-13
-15
-14
-10
-8
-7
-3
-1
-1
2
1
2
3
1
0
1
1
-3
-8
-6
-4
-5
-5
-3
-1
0
0
3
1
3
4
1
1
0
0
-1
-1
-1
0
1
-3
0
1
-2
0
5
8
7
6
7
8
10
12
11
10
14
13
11
15
10
8
9
9
13
14
14
14
13
12
12
11
10
6
4
3
1
-1
-5
-4
-1
-2
-3
-4
-8
-6
-5
-5
-7
-10
-8
-5
-10
-9
-5
-5
-6
-6
-4
-6
-3
0
-2
-3
-5
-2
1
1
0
1
-2
1
-1
-6
-3
-6
-5
-3
-3
-3
-4
-5
-7
-7
-7
-7
-7
-6
-5
-3
-2
-1
-3
-6
-3
0
-7
-5
-3
-5
-5
-6
-6
-1
-1
1
-1
0
0
-3
-4
-2
0
0
0
3
4
0
-2
-2
-4
-4
-1
-3
-2
-4
-4
4
3
1
1
2
1
-1
-1
1
0
0
2
1
0
4
3
3
7
3
3
6
2
4
11
8
9
11
9
6
4
6
7
6
2
-1
3
4
4
3
3
7
5
6
7
4
3
4
3
7
11
7
1
0
-3
-3
-1
-2
-4
-3
-2
-2
-1
1
0
-1
3
5
5
4
4
4
-1
2
4
-1
-1
-2
-2
-4
-4
-6
-2
0
-7
-6
1
1
0
-2
1
-3
-5
-2
-3
-6
-5
-1
-4
-6
-3
-5
-5
-7
-8
-3
-3
-1
-3
-5
-3
-3
-4
-3
-1
0
-5
-2
0
-4
-4
-3
-5
-5
-5
-4
-2
-2
-2
-5
-2
2
1
1
0
0
0
0
-2
0
4
4
2
5
3
2
6
7
8
6
3
4
2
3
6
4
3
5
4
4
3
1
2
0
2
2
-2
1
0
-4
-5
-7
-7
-4
-4
-5
-6
-9
-7
-5
-8
-2
-2
-6
-5
-5
-4
-4
-5
-6
-3
-4
-3
0
-2
-3
-1
2
3
1
3
2
5
6
3
3
4
2
5
5
3
2
2
3
5
7
7
5
5
5
7
4
2
3
0
2
0
3
6
2
6
6
4
6
4
5
4
4
3
3
7
7
6
5
6
7
8
9
6
6
5
5
5
3
5
5
3
0
-1
-2
-3
-5
-2
0
-4
-4
-8
-7
-6
-7
-4
-7
-8
-11
-9
-7
-9
-10
-8
-4
-6
-7
-6
-8
-6
-6
-4
-6
-7
-5
-3
-5
-8
-8
-10
-9
-8
-8
-10
-9
-8
-6
-4
-6
-5
-6
-5
-4
-3
2
-1
1
3
1
3
3
4
5
0
0
1
1
0
-5
-1
-1
0
3
3
4
5
4
4
4
5
4
5
1
-1
1
0
-3
-1
1
-1
-3
-2
0
2
0
0
-1
-3
1
2
-2
3
4
4
7
7
7
8
8
6
8
10
7
6
6
4
2
5
6
7
8
7
5
4
6
4
4
4
2
2
5
3
1
2
0
2
2
5
2
-2
0
2
4
1
-1
-2
-3
1
2
-1
-2
-1
0
-2
-5
-5
-3
-1
0
2
0
3
2
-1
0
0
0
3
1
-2
-2
-2
-4
-1
-3
-5
-4
-3
-2
-5
-3
-2
-3
0
-3
-4
-4
-3
-1
-4
-6
-5
-3
-4
-4
-4
-3
-3
-2
-1
-3
-5
-3
-4
-5
-5
-4
-7
-5
-7
-6
-4
-4
-4
-6
-5
-7
-5
-4
-7
-4
1
0
-3
-2
1
-3
3
0
0
6
2
1
3
2
3
6
6
4
0
2
5
7
8
4
4
2
2
1
2
0
-2
-1
0
-3
-2
2
0
-1
2
3
2
1
1
-3
-4
1
0
3
2
2
4
3
5
6
6
6
1
1
3
0
2
5
7
4
2
1
3
2
3
1
-1
1
0
0
3
1
-1
-2
1
2
0
-1
-1
0
-1
-2
2
1
1
3
0
-2
1
3
4
5
5
5
5
1
0
3
3
2
1
-1
-2
-3
2
4
3
4
5
5
2
0
-1
-2
-3
-2
-2
0
0
-2
-4
-2
-3
-3
-2
-1
1
-2
-1
-1
-4
-1
-3
-3
-3
-3
-2
-3
-2
-7
-8
-5
-6
-2
-1
-3
-2
-5
-4
-2
-2
2
-1
-2
-2
-2
-1
-1
-1
-5
-7
-3
-2
-4
-5
-5
-6
-5
-5
-4
-2
-4
-3
-4
-6
0
3
1
-1
-1
0
-3
-3
-1
-5
-4
-2
0
0
-3
-2
-2
-1
2
3
1
4
5
2
2
2
2
1
2
4
3
4
4
3
5
6
9
6
9
9
6
11
10
7
6
9
9
5
7
5
6
6
2
1
0
1
1
3
3
5
1
-2
2
1
0
-1
-2
-2
-3
-2
-3
-5
-1
1
-2
-1
-2
-2
-3
0
-1
-2
0
-1
-2
-2
-2
-1
-2
-3
-1
-1
-1
4
3
1
5
3
4
4
3
5
1
1
3
2
2
3
5
4
4
7
3
1
-1
-1
-4
-2
3
-1
0
-4
-5
-4
-7
-4
-5
-5
-2
-3
-6
-5
-3
0
2
2
1
-1
-2
-3
-4
1
0
-2
-2
-2
-2
-3
-4
-4
-5
-6
-5
-3
-7
-7
-6
-6
-8
-5
-3
-5
-3
-5
-3
-4
-4
-2
-1
-1
-1
-1
-2
-1
-3
-6
-3
-3
-4
0
0
-2
-2
-1
0
-1
0
-1
1
-1
-3
-1
1
3
2
6
8
4
8
8
7
6
4
6
7
10
10
7
2
2
4
2
2
7
6
3
0
1
2
-1
2
2
0
1
1
5
3
0
2
1
0
2
2
1
1
0
2
3
-1
2
7
6
6
4
4
3
3
1
-4
0
2
-3
1
4
2
4
5
5
2
1
1
-1
1
2
-2
-1
0
2
5
1
4
4
0
0
3
3
0
0
1
1
-2
-3
-3
-2
-3
-2
-1
-3
-3
-5
-8
-3
-4
-5
-7
-5
-2
-4
-5
-4
-6
-5
-5
-7
-2
-3
-5
-3
-6
-3
-4
-4
-2
-3
-2
0
-1
-1
0
-1
-6
-5
-5
-4
-7
-10
-7
-8
-7
-5
-7
-6
-5
-6
-5
-4
-6
-5
-2
-2
-3
-5
-2
1
0
0
3
6
6
4
1
2
8
4
5
6
5
5
6
9
9
7
6
5
6
5
3
5
6
8
8
2
3
4
4
2
1
3
0
-1
3
3
1
1
2
5
5
2
2
5
5
2
0
3
3
-2
1
1
-2
-2
-4
-2
0
-4
-3
-3
-5
-3
-3
-8
-7
-4
-5
-6
-4
-6
-6
-6
-5
-3
0
-1
1
1
-1
1
1
2
2
1
1
2
2
1
4
2
3
7
5
5
5
0
-2
0
-1
2
4
3
4
4
-1
-1
0
0
4
0
-2
0
3
2
1
0
0
0
-2
0
4
3
3
4
3
-2
-3
-1
-2
1
1
-2
0
0
-2
-1
-1
-3
-5
-6
-4
-3
0
0
-2
0
-2
-2
-3
-7
-6
-5
-6
-7
-7
-2
-2
-5
-5
-3
-3
-4
-1
-1
-1
1
1
-2
-3
-2
1
2
-1
1
3
5
4
3
3
4
1
3
7
4
1
5
2
-1
0
-1
1
1
0
2
1
2
0
0
2
2
3
4
3
2
3
0
2
5
3
3
0
-2
1
2
6
8
6
5
5
1
3
4
1
0
-1
0
-2
-7
-3
-5
-4
-2
1
2
0
-1
-1
-2
-2
1
-1
-4
1
1
-1
0
0
3
1
2
5
3
2
2
2
1
-2
0
0
0
1
2
4
3
2
1
1
4
3
2
5
3
4
2
3
0
-2
0
-3
-4
-5
0
-1
-2
1
-2
-2
0
-3
-5
-3
-3
-5
-4
-5
-2
-4
-4
-6
-5
-5
-5
-3
-7
-6
-5
-9
-7
-6
-9
-7
-7
-5
-5
-6
-7
-10
-7
-8
-6
-2
0
-1
2
6
4
3
3
2
-1
-1
-1
0
1
-1
2
0
-2
4
4
5
7
4
-2
1
3
3
5
2
2
5
7
7
5
2
1
0
1
3
0
2
4
4
5
2
3
3
1
1
6
9
9
10
11
8
9
14
14
15
13
9
10
11
8
7
5
5
3
2
4
6
2
3
3
3
2
2
2
-2
-2
-1
-3
-4
-4
-6
-9
-9
-8
-7
-7
-9
-7
-4
-3
-4
-5
-5
-6
-6
-7
-9
-6
-4
-5
-7
-7
-4
-4
-4
-2
-5
-5
-5
-4
-4
-3
-1
-3
-6
-1
-2
-3
-2
-5
-7
-5
-5
-10
-9
-7
-9
-6
-8
-6
-3
-7
-6
2
3
-1
0
1
-3
-1
-3
-2
-3
-6
0
-1
0
2
1
1
1
-1
1
5
3
0
2
2
-2
-2
-3
-2
0
1
1
0
2
2
3
6
9
7
8
11
9
9
11
12
15
17
13
10
9
6
3
0
5
4
2
1
-2
-1
-1
1
0
1
1
-1
5
3
0
-2
-4
-3
-3
-3
-2
-1
1
1
-4
-4
0
1
-1
-3
-4
0
-2
-3
1
2
-2
-5
-2
2
2
0
-2
0
-1
2
0
-3
1
-3
-5
-2
-4
-7
-5
-1
-3
-5
-3
-4
-4
-5
-11
-4
0
-7
-3
0
0
4
4
4
4
2
1
2
4
3
1
6
4
2
3
-1
0
2
4
4
1
3
2
1
4
2
2
6
3
6
5
3
3
-1
2
2
-1
-2
-4
-3
1
3
0
0
-2
-2
0
-3
-3
-2
0
0
2
5
5
6
7
6
-1
-1
-1
-3
-1
-2
-3
-2
-2
-1
-2
-3
-2
-1
-4
-4
-2
-1
0
-3
-1
1
3
0
0
0
0
4
2
1
5
0
1
3
3
3
0
-1
-2
-1
1
2
-1
-2
-3
-2
0
2
2
1
2
0
-5
-8
-8
-4
-4
-4
1
3
1
0
-2
-1
-1
-4
-3
1
0
-5
-4
-3
-4
-1
-1
-2
-1
2
0
-5
-4
-2
-1
0
1
2
2
-1
-3
-2
-3
-2
-1
-4
-2
-3
-4
-3
-4
-2
-3
-2
1
2
-1
-1
2
0
1
-1
-3
3
3
2
4
1
5
6
2
4
7
3
4
6
7
2
4
9
7
3
4
7
3
6
7
5
7
7
4
7
9
4
1
3
1
4
4
-1
-2
-2
-2
0
-3
-6
-7
-5
-5
-4
-3
-6
-4
-3
-4
-4
-4
-1
-5
-8
-3
-2
-5
-4
-2
-2
-1
-2
0
-1
-1
1
4
3
-1
1
3
2
0
0
1
3
3
3
7
4
2
1
6
8
4
2
3
3
2
2
3
4
4
3
1
4
3
3
4
0
-3
-2
-1
-4
-2
0
0
7
6
3
3
3
1
-1
-1
0
-1
-1
-2
-1
1
1
4
1
-1
-3
-4
0
-3
-5
-2
-2
-2
-3
-6
-4
-4
-4
-4
-2
1
0
-2
-1
-1
-1
-3
-6
-4
-6
-6
-2
-5
-5
-4
-2
-4
-5
-2
-5
-7
-2
-5
-7
-8
-6
-1
0
1
-1
2
1
-1
0
0
-1
0
0
1
2
2
5
4
4
4
4
6
4
1
2
5
2
1
1
3
3
5
3
2
3
4
3
4
6
6
2
1
0
-1
0
2
0
1
2
0
0
-1
0
2
3
3
2
0
-1
2
0
1
5
5
3
1
0
2
2
0
-2
1
3
1
2
2
1
1
-2
2
3
0
4
2
-1
-4
0
4
-2
2
1
-3
3
3
-1
-2
-3
-2
-3
1
1
-4
-4
-1
1
0
-3
-2
-2
-4
-2
-2
-1
-1
-4
-2
0
-1
3
6
4
-1
-1
-1
-5
-2
-4
-6
-6
-9
-5
-2
-1
0
-1
-5
-5
-3
0
-3
-1
0
-2
-2
0
-2
-2
2
3
1
3
5
3
2
1
0
1
1
0
-1
-1
-2
-1
2
1
3
4
-1
0
2
2
1
2
3
1
1
5
3
2
3
0
-3
1
-1
-3
0
-2
-2
-2
-3
-2
-5
-7
-6
-2
1
-1
-1
0
2
-1
-2
1
-2
-2
-2
-4
-2
-4
-1
-2
-2
-1
-1
0
-4
-4
0
-1
2
0
-2
0
-1
1
0
-2
-3
-2
0
-1
0
0
-4
-3
-5
-6
-5
-1
1
0
1
1
-3
-1
-1
0
-2
-2
2
4
6
6
5
9
9
8
9
8
6
8
4
4
8
6
3
4
3
1
3
2
-1
0
-2
-5
-6
-5
-3
-5
-1
1
-1
0
-1
-1
-4
-1
0
-8
-3
-2
-10
-4
-1
-4
0
2
-1
-3
-1
2
-1
1
-2
-6
-3
0
-1
-1
0
-1
-2
-2
-1
-1
-2
-4
-4
-3
-3
-3
-4
-6
-7
-3
-2
-4
-2
-2
-6
-1
-4
-3
3
3
6
6
5
3
1
5
2
0
0
1
1
1
5
5
3
5
3
3
5
5
3
5
5
4
6
3
0
2
3
3
0
0
3
1
3
3
5
4
2
4
2
1
0
-1
4
4
0
0
-2
-3
-5
-4
0
-1
-1
0
-2
-4
-7
-4
-1
-6
-4
-6
-6
-6
-8
-4
-3
-4
-6
-4
-1
-7
-4
-1
-4
-3
-1
1
4
2
0
1
3
0
0
0
0
-1
-2
2
4
3
2
0
2
3
4
3
0
2
1
1
1
0
-2
-2
0
-1
-2
0
-1
0
0
2
2
-1
-2
-2
-3
-4
-1
1
-1
1
3
1
2
0
0
4
2
2
3
3
0
-3
2
4
6
5
1
4
0
0
2
-1
0
0
-1
0
0
1
0
0
-2
-3
-5
-7
-4
-4
-6
-8
-10
-7
-11
-8
-6
-2
3
0
-1
-1
-2
-3
-2
-2
-1
0
0
1
1
2
2
1
1
0
-3
-7
-4
3
3
1
3
6
5
3
4
5
5
6
9
7
7
5
5
5
7
10
8
7
8
8
8
7
6
7
3
5
6
3
3
4
4
3
1
-2
-2
0
-3
-2
2
1
0
-1
1
0
-3
-3
-1
-4
-3
-2
-2
-3
-3
-3
-1
-1
-3
-1
-2
-1
0
-1
-3
0
0
-4
1
2
0
0
0
-2
-3
-3
-3
-8
-6
-5
-9
-6
-5
-4
1
-3
-4
-5
-6
-5
-9
-10
-8
-7
-6
-7
-7
-5
-5
-3
-2
-1
-2
-4
-4
-3
0
2
-2
0
2
0
-1
0
2
0
1
1
1
5
6
3
5
2
3
6
8
9
8
6
8
10
9
7
3
4
2
4
4
1
2
1
0
-2
-1
1
-2
-2
-1
-1
0
1
0
-2
-3
-2
0
-3
-2
1
-1
3
-1
-2
0
-1
-4
-5
-3
-3
-3
0
1
2
3
5
8
5
3
2
3
4
0
4
6
4
6
3
1
3
4
2
4
2
2
7
2
-3
1
0
2
0
0
1
-1
1
0
-1
-1
-3
-5
-7
-5
-6
-2
-1
-4
-2
-1
-4
-3
-5
-6
-6
-6
-2
-5
-8
-7
-8
-7
-6
-3
-4
-3
-2
1
0
-2
0
3
2
5
10
11
8
6
3
-3
-5
-6
-6
-4
-5
0
4
4
7
6
2
2
2
4
9
5
6
9
8
9
6
1
4
2
1
-2
-3
-3
-3
-5
-3
-2
-2
-2
-4
2
4
2
3
5
1
-2
1
-1
-3
-3
-3
0
1
0
3
1
1
-1
0
1
-4
-4
-4
0
1
-1
-2
-4
-4
-6
-6
-1
-2
1
0
0
7
1
-1
-1
-4
-4
-9
-7
-1
-6
-7
-7
-8
0
2
3
5
3
6
3
0
1
-1
5
4
3
5
5
7
4
4
5
3
2
0
0
-2
-1
-5
-1
1
-2
1
1
-2
1
4
1
-1
1
2
2
2
0
3
5
0
1
5
2
2
5
2
-3
-5
-6
-3
0
-4
-3
0
0
-1
-2
-4
-1
1
2
-2
-8
-5
-2
-4
-2
-1
-1
0
1
1
1
-1
-2
-5
-5
-4
-3
0
-1
-3
1
1
-1
-1
-1
1
1
2
2
0
1
-1
-2
1
3
-1
0
5
0
-4
-3
-6
-4
-1
-4
-1
-1
-5
-1
-3
-4
2
0
0
2
0
5
2
-1
3
0
1
5
2
4
5
4
5
3
6
4
2
1
-1
1
1
-2
0
-1
-4
-2
-2
-2
0
3
6
2
1
-1
-4
0
0
-1
3
5
4
4
0
-1
2
1
0
0
-2
-3
0
2
2
1
-4
-3
1
-2
-2
0
1
3
1
5
7
5
6
5
3
4
6
6
7
6
4
3
3
5
2
2
0
-3
-3
-7
-3
0
-1
-1
-2
-1
-1
-5
-4
-3
-3
-3
-2
-2
-4
-3
-4
-4
-1
-2
-3
-4
-6
-8
-8
-6
-7
-8
-6
-9
-10
-8
-8
-8
-9
-9
-10
-10
-7
-8
-10
-8
-7
-2
-5
-7
-2
-4
-3
-2
-1
-1
0
1
-6
-6
-4
-5
-3
-3
-2
2
1
-4
-2
2
3
1
1
-3
-4
-1
-1
2
4
5
5
4
5
8
8
4
6
7
7
9
9
7
10
10
8
10
11
12
13
13
13
14
12
10
8
8
6
7
9
7
6
8
8
9
11
10
6
6
5
5
6
5
2
2
3
1
4
5
4
5
1
0
2
-2
-5
-6
-6
-5
-7
-8
-4
-4
-1
-2
-5
-5
-6
-5
-6
-5
-3
-2
-3
0
1
-1
-2
-3
-3
-2
-3
-1
0
-6
-7
-6
-8
-7
-8
-7
-6
-9
-8
-6
-6
-7
-10
-4
-5
-8
-7
-8
-5
-5
-3
-5
-4
-3
-5
-8
-9
-8
-11
-9
-7
-8
-4
-5
-4
2
-2
-6
-4
-5
-5
-1
-1
-3
-3
-4
-2
-1
0
1
1
3
5
2
1
1
-1
1
1
4
3
0
6
4
0
0
2
2
2
3
1
4
3
1
3
7
9
5
7
8
3
3
-1
3
4
6
7
4
5
4
5
5
4
5
7
6
7
9
8
4
7
10
7
8
6
8
9
9
11
10
9
5
5
5
5
8
7
2
2
4
2
6
2
2
3
0
4
2
-2
-2
-2
-3
-5
-3
-2
-4
-4
-5
-4
1
-2
-3
-3
-4
-4
-8
-7
-7
-5
-4
-3
-2
-4
-3
0
0
2
1
-3
-1
1
-1
-1
-1
0
2
2
0
-1
-1
-4
-5
-6
-5
-7
-5
-4
-6
-5
-3
-6
-6
-3
-4
-3
-3
-3
-7
-5
-3
-6
-7
-6
-9
-10
-11
-9
-5
-2
-3
-5
-6
-7
-8
-9
-9
-10
-9
-8
-4
-4
-2
3
0
-2
-1
3
3
-1
0
-5
-3
1
-1
0
0
0
2
4
4
3
2
-2
-1
0
-2
0
3
4
3
4
7
6
3
5
5
8
3
3
7
3
4
7
6
8
10
11
8
9
9
7
7
8
6
5
8
9
5
4
8
10
7
7
9
12
11
10
9
8
11
8
2
-1
-2
2
5
6
3
5
4
1
0
1
0
-2
-4
-1
0
1
2
2
-1
0
-1
2
3
-4
-2
-1
-4
-2
-4
-3
-3
-7
-4
-4
-5
-4
1
0
-2
-2
-2
-1
-1
-2
-1
-2
-1
-2
-5
-1
2
1
1
-1
-1
-2
-1
-2
-4
-1
-3
-6
-3
-6
-4
-4
-7
-7
-6
-4
-6
-10
-8
-5
-5
-6
-5
-3
-3
-6
-8
-3
-5
-9
-8
-8
-6
-7
-7
-5
-2
-4
-4
-6
-4
-2
-5
-4
-4
-6
-6
-8
-6
-5
-8
-4
2
1
3
1
2
2
-5
-1
2
-1
0
-2
-3
4
5
6
10
7
4
6
7
3
2
6
8
7
11
12
9
8
10
9
8
9
7
6
7
7
6
6
7
9
6
3
7
6
6
9
7
6
7
9
6
5
9
9
7
7
9
8
5
7
9
8
5
3
1
-1
-2
-1
2
2
0
2
2
3
5
2
-1
1
1
1
1
1
0
1
2
-2
-3
2
-1
-3
1
2
1
-4
-2
-2
-5
-4
-4
-4
-4
-4
-2
-1
-2
-3
-2
-2
-4
-5
-2
-3
-1
-1
-5
-2
-2
-5
-2
-1
-5
-7
-5
-5
-5
-5
-6
-2
-4
-9
-8
-8
-7
-6
-5
-7
-8
-8
-10
-8
-7
-8
-11
-12
-10
-12
-11
-12
-12
-14
-13
-11
-13
-12
-14
-11
-10
-6
-6
-8
-7
-5
-4
-4
-2
0
-2
-1
-3
-5
-2
-4
-3
-1
-1
-2
-3
-1
3
2
4
5
6
5
3
5
6
7
10
8
7
6
4
7
5
5
6
7
7
7
9
8
7
10
11
9
11
11
10
12
11
13
13
14
13
11
12
10
10
10
10
12
13
10
10
10
10
5
8
10
4
5
9
5
6
3
1
-1
-2
0
-3
-2
1
0
3
0
-2
-5
-5
-7
-5
-4
-7
-1
0
1
1
-3
-5
-6
-7
-8
-9
-10
-10
-8
-8
-8
-7
-7
-11
-12
-8
-8
-5
-7
-7
-9
-9
-5
-5
-5
-7
-8
-4
-5
-7
-9
-10
-10
-11
-9
-6
-3
-3
-2
1
1
2
1
-2
-4
-6
-6
0
0
-4
-3
-5
-4
-3
-1
0
-2
-2
-5
-6
-5
-9
-6
-3
-6
-4
-5
-3
1
-2
0
0
0
1
2
4
5
4
5
6
6
6
8
8
7
5
5
4
2
1
0
-2
2
4
3
2
2
3
4
4
6
8
4
4
5
2
6
5
4
5
3
6
4
2
3
3
4
4
2
5
5
3
5
4
3
3
7
5
5
8
5
7
10
7
10
7
0
1
0
0
3
3
3
5
8
5
5
4
2
4
2
0
0
-1
0
-1
-1
2
7
5
4
3
2
0
-1
-2
-1
4
4
-1
0
3
1
-1
2
3
3
2
0
0
0
-2
-1
1
2
-2
1
6
3
2
0
-5
-2
0
1
3
2
1
-1
0
-1
-3
-4
-6
-6
-3
-5
-10
-12
-10
-7
-9
-8
-5
-7
-7
-7
-7
-9
-7
-5
-8
-9
-11
-13
-9
-8
-11
-11
-10
-13
-14
-12
-12
-10
-4
-5
-7
-2
-5
-5
-4
-3
-4
-3
-2
-6
0
1
1
4
3
5
4
1
2
2
2
6
3
3
6
7
7
4
7
5
4
5
5
8
10
12
13
8
9
11
11
13
12
10
8
1
4
4
4
7
8
7
8
11
10
7
4
3
5
5
5
5
5
5
6
9
8
7
5
6
6
3
5
4
3
4
1
-1
1
-1
-4
-7
-6
-4
-5
-3
-3
-4
-3
-2
-7
-10
-8
-6
-9
-9
-4
-2
-2
-3
-4
-3
-3
-4
-4
-5
-6
-5
-2
-1
-1
-2
2
0
-4
-1
0
2
2
2
1
0
2
1
-2
-2
-3
-2
-5
-2
-1
-5
-3
-2
1
2
-2
-2
1
-2
-6
-1
-1
0
1
-1
-1
-4
-6
-4
-6
-2
-3
-5
-4
-5
-3
-3
-3
-1
-5
-6
-6
-7
-6
-2
-4
-8
-8
-5
-6
-9
-7
-1
1
1
2
2
4
3
0
-4
-2
2
4
4
0
0
0
-2
4
4
0
1
2
2
1
1
3
5
2
5
5
4
5
3
0
0
3
2
4
3
3
2
-3
-1
5
2
2
3
4
6
10
8
5
4
1
1
3
4
3
5
6
6
10
10
9
6
0
2
2
1
4
2
2
2
2
2
0
-2
-1
-2
-4
-6
-7
-7
-5
-1
-3
-3
1
3
1
0
-1
-1
-6
-7
-6
-4
-7
-9
-4
1
-2
1
6
3
1
0
-2
1
1
1
0
3
4
1
1
2
4
1
-1
0
1
3
2
0
-1
-4
-2
1
1
1
-2
1
1
-4
0
2
-1
-3
-5
-5
-4
0
-2
-4
-2
-2
-2
-4
-5
-3
-5
-3
-3
-4
-3
-3
-4
-2
-4
-7
-4
-3
-3
0
0
-3
-2
0
-4
-1
2
2
2
0
-4
-3
-2
0
-1
1
1
-4
-6
-2
-4
0
3
-5
-4
-2
-2
-3
0
-1
-3
1
4
3
5
5
2
6
8
5
5
5
6
5
7
7
6
7
7
4
0
2
2
1
4
5
3
3
4
1
0
5
4
3
4
6
4
2
2
1
3
2
-1
1
-3
-5
-4
-3
-2
1
0
0
1
0
-2
-4
-8
-6
-3
-4
-7
-3
0
-2
-1
-2
-4
-1
-2
-4
-1
-2
-3
0
-1
3
3
1
2
0
0
0
-2
-3
-3
-4
-2
1
1
1
2
1
-3
1
0
1
2
0
2
4
4
2
0
-1
2
3
3
3
1
5
5
2
2
-1
-1
-3
-4
1
5
6
5
5
3
2
-1
-1
0
2
2
0
0
0
0
-1
-5
-4
-3
-2
-4
-6
-5
-4
-1
1
1
1
1
-2
0
-1
-2
-3
-7
-5
-4
-6
-3
-4
-4
-3
-4
-1
1
0
2
2
4
1
0
2
3
-1
1
3
3
5
2
3
7
3
-1
3
-1
2
4
2
0
1
4
0
2
3
1
-2
-5
-2
-4
-4
-3
-6
-3
0
-2
2
0
-2
2
4
3
1
-2
-4
-4
-3
-1
1
-1
-4
-4
-3
-5
-7
-3
-6
-5
-2
-2
-2
2
1
0
3
3
1
0
0
-2
-2
0
-1
-5
-4
-5
-2
-1
-4
0
-1
-3
4
2
1
3
3
5
4
4
4
1
1
2
6
8
5
5
7
6
6
3
4
8
6
5
5
3
5
7
10
8
7
5
3
4
5
4
4
-2
1
4
-2
-2
-2
0
-1
-3
-2
-4
-3
0
-1
0
-3
-3
1
0
-1
-3
-4
-3
0
-2
-3
-1
-3
-6
-6
-6
-6
-6
-5
-5
-7
-9
-8
-7
-3
0
-4
-5
-4
-3
-4
-3
-3
-5
-4
-2
-1
-3
1
2
1
3
4
5
5
3
1
1
2
3
2
1
3
5
5
2
0
0
0
1
-1
-3
-3
-1
0
-1
0
3
2
-2
1
1
-2
-5
-5
-2
-3
-3
0
1
0
-2
-4
-4
-2
-2
-4
-5
-7
-5
-4
-6
-4
-3
-4
-1
2
2
0
1
1
0
0
3
2
0
1
-1
0
2
3
5
7
6
3
1
2
2
-1
0
2
2
0
1
5
4
3
2
1
3
1
0
5
4
6
9
9
6
7
10
7
2
1
0
1
1
4
5
6
4
0
-1
-1
2
2
-1
2
1
-3
1
0
-3
0
-1
-3
-6
-6
-6
-7
-11
-10
-7
-6
-4
-5
-2
-3
-6
-5
-5
-5
-6
-8
-5
-1
-4
-6
-3
-2
-7
-8
-5
-7
-6
-4
-6
-3
-2
-1
-1
-1
0
3
2
4
5
2
2
2
3
3
0
2
5
4
2
2
5
4
5
7
3
7
7
2
5
4
2
5
5
4
3
3
4
2
2
-1
-3
-2
-3
1
3
1
5
3
4
1
4
5
-3
-2
0
-2
-3
-5
-4
-4
-4
-6
-6
-4
-1
-1
-4
-2
-5
-6
-4
-1
0
1
2
-3
-1
-1
-3
-1
-4
-4
-3
-2
-1
-2
-1
-2
-2
-2
0
0
-3
-1
2
5
4
2
3
2
0
1
1
0
3
3
1
5
10
7
2
4
2
0
0
0
1
3
4
3
5
5
2
4
2
1
2
-2
-1
0
0
-1
-3
-1
-3
-2
1
0
2
1
-5
-6
-4
-3
-1
-3
-2
0
-5
-3
-2
-2
-1
-1
-1
0
0
3
3
-4
1
5
2
2
1
-1
-1
0
1
2
3
4
1
2
5
4
3
3
2
3
3
3
1
3
4
2
3
1
-2
-1
0
-1
0
2
1
2
3
-1
0
-2
-2
-1
-2
0
1
0
-2
-2
-1
-3
-2
-5
0
1
-2
-1
-6
-6
-5
-7
-6
-9
-8
-2
-7
-6
-3
-6
-8
-6
-6
-8
-9
-9
-5
-5
-3
-3
-1
0
-3
-1
0
2
3
0
0
-1
0
0
-2
2
4
3
4
2
2
4
2
4
4
2
4
4
6
6
8
10
7
5
7
5
2
4
5
5
5
4
5
5
7
7
2
3
4
4
3
4
7
9
7
4
4
5
3
1
3
4
1
2
5
3
4
5
2
3
2
-1
-2
-3
-4
-6
-5
-1
0
0
-3
-3
1
-1
2
1
-3
0
-3
-2
1
-4
-1
0
-3
-1
0
-2
-4
-5
-4
-3
-5
-3
-2
-3
-1
0
-3
-4
-3
-3
-5
-7
-6
-5
-4
-3
-6
-8
-7
-4
-1
0
-3
-5
-4
-4
-4
-3
-2
-2
0
-1
-4
-3
-3
-5
-3
-1
-2
-3
-4
-5
-2
-2
-5
-2
-3
-1
-2
-6
-4
-2
-3
-2
0
-1
-5
-5
-4
-4
-4
-3
-1
-4
-5
-1
-1
-3
0
4
5
1
4
6
3
3
3
2
0
0
1
0
1
0
2
1
-2
1
5
6
8
6
6
7
8
8
9
6
11
14
11
13
11
7
12
11
9
9
6
9
12
9
8
10
6
9
9
3
5
2
1
1
-1
-1
1
2
2
4
0
-2
-3
0
2
-3
-2
-1
-3
-1
-3
-3
-1
-3
0
2
-2
-2
-2
-2
-4
-7
-3
-3
-6
-2
-2
-4
-4
-7
-8
-5
-9
-10
-7
-8
-7
-7
-9
-8
-7
-3
-3
-3
-4
-7
-6
-5
-4
-7
-7
-6
-6
-5
-6
-8
-6
-1
-4
-5
-2
-5
-4
-2
-3
-3
-2
-2
-1
-1
-3
-3
0
1
1
0
0
1
1
1
2
2
3
2
3
4
2
0
1
3
4
4
6
4
5
6
6
5
2
0
5
7
4
6
7
7
5
4
6
6
6
7
6
8
6
1
3
5
3
3
3
2
3
1
0
1
0
-4
-2
-1
-4
-2
-2
-3
0
-1
-6
-4
-3
-3
-1
1
0
-1
1
-4
0
5
1
4
2
-2
0
1
-1
1
5
4
1
0
-5
-5
-4
-5
-5
-2
3
2
0
0
1
4
0
-1
0
-3
-3
-2
-3
1
-1
1
2
-3
-4
-4
-3
-5
-5
-2
-3
0
-2
-1
2
-3
-1
2
-2
-1
-2
-3
-2
-1
-2
-4
-2
-4
-5
-7
-3
-2
-7
-3
-3
-1
2
-2
0
-1
-5
-5
-3
-2
1
2
4
6
4
3
7
7
4
7
6
6
8
6
3
4
3
0
-3
0
-1
-4
0
-3
3
2
-1
0
-1
0
1
1
1
-1
-1
-2
0
-5
-6
-5
-4
1
4
4
2
-1
1
2
-2
-1
-2
-2
2
2
2
4
2
4
2
3
1
3
6
2
1
6
2
0
1
5
5
3
2
0
1
3
0
1
0
0
0
2
0
-4
-3
1
3
2
1
4
2
0
0
-1
-1
-2
-2
-1
-2
0
-1
-1
3
5
4
2
1
1
0
0
1
-3
-5
-1
1
2
0
-1
2
1
-4
-1
0
-4
-5
-3
-4
-5
-7
-5
-4
-8
-9
-8
-11
-11
-9
-9
-5
-6
-5
0
-5
-5
-4
-8
-6
-7
-5
-3
-4
-3
-3
-2
-2
1
-2
0
3
-1
-2
1
2
1
-2
1
1
-2
2
2
2
3
-1
1
4
3
6
4
2
3
2
4
3
3
6
3
4
7
5
8
6
3
5
6
4
7
7
3
5
7
7
7
4
6
6
6
7
5
3
5
1
1
2
1
0
3
2
1
0
2
5
-1
-1
4
1
2
2
3
2
-2
-2
0
-2
-1
2
0
-1
-3
-7
-6
-3
-4
-4
-6
-8
-6
-6
-9
-8
-12
-12
-8
-10
-6
-4
-5
-3
-4
-2
1
1
1
4
1
-2
2
3
3
3
2
1
-1
2
3
2
0
-4
-5
-1
-2
-2
-1
-1
1
-1
2
4
2
1
2
-5
-7
-3
-3
-6
-3
-3
-9
-8
-2
-2
-2
-3
-4
-2
-3
-5
-5
-4
-4
-3
-6
-5
0
-1
-2
2
0
2
4
3
2
-1
-3
-2
-3
1
3
3
3
-1
1
3
-1
-1
1
4
3
5
5
3
5
5
4
0
0
3
2
3
1
4
4
5
7
4
2
3
5
4
5
6
2
7
11
6
6
8
7
7
5
5
6
6
6
3
3
2
3
2
3
3
0
-1
-1
-1
-3
-2
-3
-5
-6
-2
-3
-4
-4
-4
0
0
-2
-2
-2
1
-2
-2
-1
-2
-3
-6
-6
-2
-5
-4
-3
-4
-4
-3
-4
-3
-3
0
-2
-3
-2
2
6
2
1
3
1
-1
0
-1
-1
3
2
1
1
-2
-2
3
1
3
2
-1
-3
-3
-2
-5
-3
0
-2
-2
-1
-3
-2
-4
-4
-4
-8
-7
-7
-6
-7
-6
-4
-6
-7
-3
-4
-5
-1
-3
-3
0
-4
-4
-4
0
-3
-9
-3
-3
-3
-1
2
2
0
1
2
2
1
1
2
-2
-1
2
3
2
3
5
4
4
7
7
5
4
4
6
9
9
10
7
7
6
4
4
6
7
8
10
7
6
5
5
5
1
3
5
2
6
5
7
8
3
3
7
8
3
4
4
2
3
1
2
3
-1
2
4
3
2
2
3
-2
-4
-2
-6
-2
-2
-8
-4
-4
-3
-3
-7
-6
-6
-4
-9
-11
-9
-10
-10
-8
-9
-9
-10
-9
-6
-10
-9
-5
-10
-10
-8
-8
-8
-9
-4
-3
-4
-1
-2
-2
2
1
0
0
-1
2
4
5
3
3
7
6
4
4
5
6
5
6
3
1
4
5
5
1
-1
2
0
-1
-1
-1
4
3
3
2
0
1
0
0
3
2
1
1
-1
-1
1
-1
0
-1
-4
-1
1
-2
0
3
-1
-4
-1
-2
-1
-3
-5
-2
-1
-2
0
-3
-5
-2
-3
-1
0
-2
-4
-5
-4
-3
-4
-3
1
1
-2
-3
0
2
1
2
3
0
0
1
3
6
5
3
6
8
3
3
3
0
-3
-3
-1
3
3
1
5
6
2
2
4
5
2
2
3
1
6
5
3
6
2
0
2
2
3
4
3
4
4
5
4
2
2
1
0
1
-1
-1
2
1
0
2
3
3
1
-2
-4
-4
-2
-4
-2
-1
-3
-2
0
-1
2
0
-3
0
0
3
2
1
0
-1
-3
-2
-3
-3
-5
-6
-4
-3
0
-2
-2
1
-3
-4
0
2
-1
0
-1
-3
-1
-2
-3
0
-3
-6
-6
-4
-1
0
0
0
-1
-2
-2
-4
-4
-2
-1
-2
1
1
-2
-5
-3
-1
-5
-6
-8
-8
-7
-7
-6
-6
-3
-2
-5
-6
-7
-7
-5
-2
-2
-3
1
0
1
1
-1
0
1
0
-3
-1
2
-4
-3
2
1
3
6
7
5
3
6
7
6
7
9
8
10
13
11
11
13
14
13
10
11
15
11
6
11
12
8
10
6
4
4
7
6
3
3
3
3
4
-1
-3
-3
-4
-4
0
0
0
1
-2
-3
-7
-12
-12
-8
-9
-12
-7
-4
-6
-4
-6
-5
-1
-3
-5
-6
-4
0
-2
-3
-3
-2
1
2
0
2
1
-2
1
0
2
3
-2
0
2
-2
-3
-2
-2
-4
-1
0
2
5
2
-1
2
2
2
1
2
1
-1
0
-1
3
5
2
2
4
1
0
2
2
-2
-2
0
-3
-3
1
1
-1
0
0
-1
2
-1
-2
-1
-4
-6
-5
-4
-2
-1
0
-1
-1
-3
-9
-8
-6
-5
-5
-5
-4
-2
-4
-6
-4
-6
-8
-4
-6
-7
-5
-6
-4
-3
-3
-1
-1
0
1
0
2
3
2
2
-2
-3
-1
-1
3
-1
0
4
4
4
3
5
4
4
6
8
7
4
7
7
8
9
5
6
8
5
7
5
3
6
8
6
2
2
5
2
3
6
6
6
7
7
7
5
5
6
4
3
4
1
2
3
-2
-2
0
0
0
2
-4
-4
-1
-5
-4
-1
-2
-8
-6
-4
-3
0
1
1
1
1
2
-2
-4
-4
-2
-3
-5
-4
-1
0
2
4
2
-2
-5
-3
-5
-6
-5
-7
-3
-4
-4
-1
-5
-2
0
-1
-2
-5
0
2
-5
-3
-1
-3
-5
-5
-6
-2
-3
-4
-2
-2
-3
-5
-5
-4
-2
2
-3
-6
-1
-2
-2
1
1
4
0
-5
-1
-2
-5
-7
-6
-4
-4
-4
-7
-5
-5
-4
-1
-1
-1
0
-1
-2
1
-1
-2
-2
1
2
2
3
-3
-5
-1
-2
0
0
-2
0
-1
0
0
-2
0
2
2
4
6
5
5
5
5
7
8
8
7
2
5
6
6
7
10
12
13
14
8
5
7
7
5
5
3
3
5
3
6
8
6
7
6
6
5
5
4
3
4
4
4
1
0
0
-2
4
1
2
4
5
2
0
-1
-3
-2
-6
-10
-6
-5
-7
-7
-6
-7
-10
-9
-8
-5
-4
-5
-4
-6
-5
-5
-2
-2
-1
1
-2
-5
-4
-5
-4
-1
-6
-5
-1
-4
-3
-2
-5
-1
2
3
2
2
3
6
7
5
7
7
3
2
3
3
2
1
-1
0
1
0
1
0
0
3
3
3
1
-3
-6
-3
-2
-6
-6
-6
-7
-6
-5
-2
-4
-6
-5
-5
-6
-7
-9
-9
-11
-11
-10
-10
-8
-3
-1
-4
-3
-5
-3
1
-1
0
1
1
7
7
5
7
4
2
1
3
5
3
2
2
2
3
5
3
1
4
6
8
5
4
6
6
8
11
7
7
6
4
6
7
5
3
3
2
-1
3
2
3
6
4
8
6
5
5
2
5
3
4
5
6
3
4
4
1
1
4
2
3
2
2
5
4
4
5
1
1
-1
-1
1
-2
-3
-2
-4
-5
-8
-7
-4
-4
-4
-6
-5
-3
-4
-5
-5
-9
-9
-10
-9
-10
-13
-8
-4
-3
-3
-4
-1
-3
-3
-1
0
2
3
3
1
1
5
5
1
0
-1
1
2
2
3
3
0
3
3
2
3
-1
2
6
3
-1
-1
1
1
-2
-5
-3
-3
-4
-6
-5
-1
-1
-1
-3
-3
-2
-3
-2
-3
3
4
-3
0
0
-2
-3
-6
1
2
-2
0
0
-2
-4
-2
-1
-3
-4
-2
-1
0
2
0
-3
-3
-6
-1
1
0
4
2
1
0
-2
-3
-5
-5
-4
0
-1
0
0
-1
0
3
0
-1
-1
-2
0
0
0
1
2
4
4
5
5
3
4
2
0
0
-2
0
2
4
5
7
10
6
6
5
3
4
5
6
6
6
10
11
9
9
5
4
8
6
4
7
3
3
4
0
-1
0
0
-2
-6
-3
0
-2
-1
-1
-4
-5
-7
-3
-2
0
2
-1
1
0
-4
-4
-2
-3
-4
-6
-7
-3
0
0
1
1
-2
-4
-2
-1
1
1
2
-2
-2
2
0
-1
-5
-7
-8
-10
-5
-3
-3
2
0
0
1
0
-1
-2
-1
-2
-4
-1
-4
-3
-2
-7
-7
-7
-8
-6
-2
-1
-1
-6
-3
-4
-10
-8
-5
0
0
0
-2
-1
0
-6
-5
-8
-8
-4
-3
-2
0
3
6
5
2
5
2
-2
-1
0
3
4
-2
3
2
-1
2
2
1
-2
1
1
-2
2
3
2
2
3
1
3
8
8
8
11
7
4
7
7
4
5
8
11
10
6
4
5
1
-1
2
3
2
2
7
8
6
6
5
7
7
8
7
2
2
2
3
4
2
0
2
1
0
-3
-1
-1
-2
-4
-5
-3
-2
-5
-3
1
0
-2
-7
-10
-8
-10
-12
-11
-8
-8
-7
-6
-5
-7
-3
-1
-4
0
0
-1
1
3
-3
-5
-4
-5
-2
-2
0
0
0
-1
-1
-2
0
-2
-1
4
0
4
7
2
0
-4
-6
-4
-6
-3
-5
-6
0
2
1
5
3
0
4
5
6
6
2
3
0
-2
0
1
2
2
1
2
5
4
4
2
1
2
-2
-4
-1
0
2
3
1
-2
0
1
-3
-1
1
3
5
4
2
1
-1
-3
-4
-3
-2
0
-1
2
3
-1
3
2
-1
4
1
0
-1
1
6
0
-1
2
-1
2
5
4
1
-1
-2
-1
3
4
2
1
-1
-2
2
2
2
1
-2
-2
-4
-2
-2
-5
-2
-1
-4
-3
1
0
-4
1
0
-2
-1
-1
-1
-2
-1
-3
-6
-2
-2
-6
-4
-2
-4
-4
-6
-7
-5
-7
-3
-3
-2
0
1
1
-2
-1
0
1
0
0
1
-4
-7
-5
-4
-2
-1
1
0
-1
-2
1
2
2
-2
-1
2
2
2
5
5
3
2
2
2
3
2
2
2
5
5
4
9
7
6
4
1
4
2
0
3
5
3
1
3
2
1
1
1
-1
-1
4
7
4
5
4
3
7
8
7
5
0
-4
-3
-3
-2
-1
-1
-1
-2
-3
-5
-5
-5
-1
0
-1
-1
2
3
3
1
0
0
-1
-3
-6
-5
-2
-5
-6
-4
-2
0
0
4
4
1
4
1
-3
-1
-2
-4
-6
-5
-2
-2
0
0
0
1
1
0
-4
-4
-6
-3
2
-2
1
0
-4
-2
-3
-5
-6
-8
-6
-2
-4
-3
2
2
0
0
2
0
0
1
-1
3
4
0
4
5
1
2
3
2
4
1
2
2
3
7
4
5
4
2
1
1
3
-1
-2
1
-1
-4
-2
-4
-5
-1
2
3
2
1
2
1
-3
-2
-2
-2
-3
0
0
1
6
2
1
1
-1
1
-1
-3
-2
0
0
1
2
4
0
-4
-4
-5
-2
1
-1
-2
-2
-1
-2
-1
2
0
8
6
3
5
2
4
6
7
2
-1
2
0
-1
-3
-4
-2
-2
-2
-1
-1
-2
-2
-5
-8
-5
-3
-2
-1
-2
-1
-3
-1
-4
-3
-1
-3
0
-3
0
3
0
3
3
4
5
2
2
-1
-2
3
2
1
5
0
0
1
-1
2
-1
5
5
-1
2
3
1
2
-2
2
2
-2
1
4
5
0
0
-2
-3
-4
-8
-5
-4
-6
-7
-8
-6
-5
-3
-2
-3
-1
2
2
0
0
4
3
-1
-2
-2
-3
-5
-3
-2
-3
0
0
2
3
3
6
8
6
5
6
5
3
1
-2
-3
-4
-3
-2
-4
-1
2
1
1
0
4
4
1
0
2
-3
-2
-1
-4
-3
-4
-9
-6
-6
-4
0
3
6
7
7
5
3
4
2
1
0
-4
0
-2
-5
-1
3
3
3
2
3
8
4
3
3
2
3
0
0
-2
-7
-7
-5
-3
-4
-1
7
7
1
4
3
2
5
3
3
0
-4
-4
-4
-8
-9
-6
-7
-6
-4
4
8
8
8
8
7
5
4
2
2
0
-6
-7
-8
-8
-3
-2
1
3
4
7
8
7
6
7
5
2
3
-2
-2
-1
-6
-6
-3
-3
-3
-3
2
-1
-3
1
2
1
2
3
0
-5
-8
-10
-13
-17
-17
-19
-15
-11
-10
-7
-8
-1
2
-1
1
0
-1
-2
-2
-5
-7
-10
-13
-8
-8
-7
-3
-3
-2
5
6
4
5
9
6
4
5
3
3
2
1
0
0
5
8
6
7
6
7
11
11
9
9
10
11
10
6
1
0
1
2
1
-1
1
3
5
9
10
14
14
13
12
9
7
6
5
0
-2
-4
-10
-7
-3
-1
0
0
1
5
3
1
3
1
1
-1
-4
-1
-4
-6
-10
-13
-9
-8
-7
-3
-1
1
2
6
5
6
6
1
-3
-2
-5
-10
-8
-11
-8
-5
-5
-3
-1
3
4
5
9
8
8
10
5
3
-1
-9
-9
-9
-11
-12
-8
-6
-5
-2
3
6
6
7
4
0
1
-2
-5
-4
-7
-10
-10
-9
-10
-9
-7
-4
-4
1
3
2
3
-2
0
0
-2
-4
-10
-7
-8
-9
-6
-8
-9
-7
-5
-1
4
6
9
10
10
10
7
3
1
0
1
1
0
0
3
0
0
1
3
4
3
5
8
5
7
9
6
3
-1
-7
-6
-5
-7
-5
-2
2
7
10
8
9
10
7
5
4
2
0
1
0
0
-4
-8
-4
-3
-3
3
5
5
5
7
7
8
9
3
7
8
3
1
0
-2
-5
-5
-2
0
1
-1
1
3
6
5
2
1
1
2
1
2
-2
-2
-3
-6
-4
0
-1
5
6
4
5
3
6
5
2
2
2
1
2
-3
-7
-7
-9
-3
-6
-9
-3
-4
-3
-3
-5
-4
-4
-4
-3
-8
-7
-4
-4
-5
-6
-7
-8
-8
-8
-9
-6
-6
-5
-1
-1
-1
1
-3
-5
-5
-5
-7
-6
-6
-8
-5
-1
-1
-3
-2
-3
-2
2
2
0
4
2
2
2
0
3
0
-2
-2
-3
0
-1
-1
1
2
2
1
4
6
6
4
5
5
3
2
3
2
1
4
4
2
3
3
1
2
3
1
0
1
0
3
3
1
-2
-3
1
4
5
5
3
3
4
3
8
7
7
11
10
7
6
7
5
5
3
1
3
3
1
0
4
4
0
1
2
5
7
5
9
9
5
5
4
2
1
3
1
-4
0
-2
-3
-1
0
-3
-3
-3
0
2
2
3
3
-1
4
2
1
1
-2
-3
-3
-3
-4
-5
-3
-4
-5
-2
0
-1
-1
-1
3
0
-5
-4
-10
-13
-14
-14
-11
-10
-8
-8
-4
-2
1
-1
-2
0
-3
-3
-2
-5
-8
-10
-11
-10
-10
-10
-9
-7
-4
-2
-1
1
2
2
1
1
3
3
5
1
1
0
-1
2
1
-3
0
2
6
4
5
5
5
7
4
1
2
2
3
1
0
1
-4
-3
-4
-4
-3
-3
